time	manip	gran	press	averat	laba	proba	StZn
0	0	1	0	1	1	0	0	
10	0	1	0	1	1	0	0	
20	0	1	0	1	1	0	0	
30	0	1	0	1	1	0	0	
40	0	1	0	1	1	0	0	
50	0	1	0	1	1	0	0	
60	0	1	0	1	1	0	0	
70	0	1	0	1	1	0	0	
80	0	1	0	1	1	0	0	
90	0	1	0	2	1	0	0	
100	0	1	0	2	1	0	0	
110	0	1	0	2	1	0	0	
120	0	1	0	2	1	0	0	
130	0	1	0	2	1	0	0	
140	0	1	0	2	1	0	0	
150	0	1	0	2	1	0	0	
160	0	1	0	2	1	0	0	
170	0	1	0	2	1	0	0	
180	0	1	0	2	1	0	0	
190	0	1	0	2	1	0	0	
200	0	1	0	2	1	0	0	
210	0	1	0	2	1	0	0	
220	0	2	0	2	1	0	0	
230	0	2	0	2	1	0	0	
240	0	2	0	2	1	0	0	
250	0	2	0	2	1	0	0	
260	0	2	0	2	1	0	0	
270	0	2	0	2	1	0	0	
280	0	2	0	2	1	0	0	
290	0	2	0	2	1	0	0	
300	0	2	0	2	1	0	0	
310	0	2	0	2	1	0	0	
320	0	2	0	2	1	0	0	
330	0	2	0	2	1	0	0	
340	0	2	0	2	1	0	0	
350	0	2	0	2	1	0	0	
360	0	2	0	2	1	0	0	
370	0	2	0	2	1	0	0	
380	0	2	0	2	2	0	0	
390	1	2	0	0	0	0	0	
400	0	2	0	0	0	0	0	
410	1	0	0	0	0	2	0	
420	1	0	0	0	1	2	0	
430	0	0	0	0	1	2	0	
440	0	0	0	1	1	0	0	
450	1	0	0	1	1	0	0	
460	0	0	0	1	1	0	0	
470	0	0	0	1	1	0	1	
480	0	0	0	1	1	0	1	
490	0	0	0	1	1	0	2	
500	0	0	0	1	1	0	2	
510	0	0	0	1	1	0	2	
520	0	0	0	1	1	0	2	
530	0	0	0	2	1	0	2	
540	0	0	0	2	1	0	2	
550	0	0	0	2	1	0	2	
560	0	0	0	2	1	0	2	
570	0	0	0	2	1	0	2	
580	0	0	0	2	1	0	2	
590	0	0	0	2	1	0	2	
600	0	0	0	2	1	0	2	
610	0	0	0	2	1	0	2	
620	0	0	0	2	1	0	2	
630	0	0	0	2	1	0	2	
640	0	0	0	2	1	0	2	
650	0	0	0	2	1	0	2	
660	0	0	0	2	1	0	2	
670	0	0	0	2	1	0	2	
680	0	0	0	2	1	0	2	
690	0	0	0	2	1	0	2	
700	0	0	0	2	1	0	2	
710	0	0	0	2	1	0	2	
720	0	0	0	2	1	0	2	
730	0	0	0	2	1	0	2	
740	0	0	0	2	1	0	2	
750	0	0	0	2	1	0	2	
760	0	0	0	2	1	0	2	
770	0	0	0	2	1	0	2	
780	0	0	0	2	2	0	2	
790	1	0	0	0	0	0	2	
800	0	0	0	0	0	0	2	
810	1	0	0	0	0	2	2	
820	1	0	0	0	1	2	2	
830	0	0	0	0	1	2	2	
840	1	0	1	0	1	2	2	
850	1	0	1	0	1	2	2	
860	1	0	1	0	1	2	2	
870	1	0	1	0	1	2	2	
880	0	0	1	0	1	2	2	
890	0	1	1	0	1	0	2	
900	1	1	1	0	1	0	0	
910	0	1	1	0	1	0	0	
920	0	1	1	1	1	0	0	
930	0	1	1	1	1	0	0	
940	0	1	1	1	1	0	0	
950	0	1	1	1	1	0	0	
960	0	1	1	1	1	0	0	
970	0	1	1	1	1	0	0	
980	0	1	1	1	1	0	0	
990	0	1	1	1	1	0	0	
1000	0	1	1	1	1	0	0	
1010	0	1	1	2	1	0	0	
1020	0	1	1	2	1	0	0	
1030	0	1	1	2	1	0	0	
1040	0	1	1	2	1	0	0	
1050	0	1	1	2	1	0	0	
1060	0	1	1	2	1	0	0	
1070	0	1	1	2	1	0	0	
1080	0	1	1	2	1	0	0	
1090	0	2	1	2	1	0	0	
1100	0	2	1	2	1	0	0	
1110	0	2	2	2	1	0	0	
1120	0	2	0	2	1	0	0	
1130	0	2	0	2	1	0	0	
1140	0	2	0	2	1	0	0	
1150	0	2	0	2	1	0	0	
1160	0	2	0	2	1	0	0	
1170	0	2	0	2	2	0	0	
1180	1	2	0	0	0	0	0	
1190	0	2	0	0	0	0	0	
1200	1	0	0	0	0	2	0	
1210	1	0	0	0	1	2	0	
1220	0	0	0	0	1	2	0	
1230	0	0	0	1	1	0	0	
1240	1	0	0	1	1	0	0	
1250	0	0	0	1	1	0	0	
1260	0	0	0	1	1	0	1	
1270	0	0	0	1	1	0	1	
1280	0	0	0	2	1	0	2	
1290	0	0	0	2	1	0	2	
1300	0	0	0	2	1	0	2	
1310	0	0	0	2	1	0	2	
1320	0	0	0	2	1	0	2	
1330	0	0	0	2	1	0	2	
1340	0	0	0	2	1	0	2	
1350	0	0	0	2	1	0	2	
1360	0	0	0	2	1	0	2	
1370	0	0	0	2	1	0	2	
1380	0	0	0	2	1	0	2	
1390	0	0	0	2	1	0	2	
1400	0	0	0	2	1	0	2	
1410	0	0	0	2	1	0	2	
1420	0	0	0	2	1	0	2	
1430	0	0	0	2	1	0	2	
1440	0	0	0	2	1	0	2	
1450	0	0	0	2	1	0	2	
1460	0	0	0	2	1	0	2	
1470	0	0	0	2	1	0	2	
1480	0	0	0	2	1	0	2	
1490	0	0	0	2	1	0	2	
1500	0	0	0	2	1	0	2	
1510	0	0	0	2	1	0	2	
1520	0	0	0	2	1	0	2	
1530	0	0	0	2	1	0	2	
1540	0	0	0	2	1	0	2	
1550	0	0	0	2	1	0	2	
1560	0	0	0	2	1	0	2	
1570	0	0	0	2	1	0	2	
1580	0	0	0	2	1	0	2	
1590	0	0	0	2	2	0	2	
1600	1	0	0	0	0	0	2	
1610	0	0	0	0	0	0	2	
1620	1	0	0	0	0	2	2	
1630	1	0	0	0	1	2	2	
1640	0	0	0	0	1	2	2	
1650	1	0	1	0	1	2	2	
1660	1	0	1	0	1	2	2	
1670	1	0	1	0	1	2	2	
1680	1	0	1	0	1	2	2	
1690	0	0	1	0	1	2	2	
1700	0	1	1	0	1	0	2	
1710	1	1	1	0	1	0	0	
1720	0	1	1	0	1	0	0	
1730	0	1	1	1	1	0	0	
1740	0	1	1	1	1	0	0	
1750	0	1	1	1	1	0	0	
1760	0	1	1	1	1	0	0	
1770	0	1	1	1	1	0	0	
1780	0	1	1	1	1	0	0	
1790	0	1	1	1	1	0	0	
1800	0	1	1	1	1	0	0	
1810	0	1	1	2	1	0	0	
1820	0	1	1	2	1	0	0	
1830	0	1	1	2	1	0	0	
1840	0	1	1	2	1	0	0	
1850	0	1	1	2	1	0	0	
1860	0	1	1	2	1	0	0	
1870	0	1	1	2	1	0	0	
1880	0	1	1	2	1	0	0	
1890	0	1	1	2	1	0	0	
1900	0	1	1	2	1	0	0	
1910	0	2	1	2	1	0	0	
1920	0	2	1	2	1	0	0	
1930	0	2	2	2	1	0	0	
1940	0	2	0	2	1	0	0	
1950	0	2	0	2	1	0	0	
1960	0	2	0	2	1	0	0	
1970	0	2	0	2	1	0	0	
1980	0	2	0	2	1	0	0	
1990	0	2	0	2	2	0	0	
2000	1	2	0	0	0	0	0	
2010	0	2	0	0	0	0	0	
2020	1	0	0	0	0	2	0	
2030	1	0	0	0	1	2	0	
2040	0	0	0	0	1	2	0	
2050	0	0	0	1	1	0	0	
2060	1	0	0	1	1	0	0	
2070	0	0	0	1	1	0	0	
2080	0	0	0	1	1	0	1	
2090	0	0	0	1	1	0	1	
2100	0	0	0	1	1	0	2	
2110	0	0	0	1	1	0	2	
2120	0	0	0	1	1	0	2	
2130	0	0	0	2	1	0	2	
2140	0	0	0	2	1	0	2	
2150	0	0	0	2	1	0	2	
2160	0	0	0	2	1	0	2	
2170	0	0	0	2	1	0	2	
2180	0	0	0	2	1	0	2	
2190	0	0	0	2	1	0	2	
2200	0	0	0	2	1	0	2	
2210	0	0	0	2	1	0	2	
2220	0	0	0	2	1	0	2	
2230	0	0	0	2	1	0	2	
2240	0	0	0	2	1	0	2	
2250	0	0	0	2	1	0	2	
2260	0	0	0	2	1	0	2	
2270	0	0	0	2	1	0	2	
2280	0	0	0	2	1	0	2	
2290	0	0	0	2	1	0	2	
2300	0	0	0	2	1	0	2	
2310	0	0	0	2	1	0	2	
2320	0	0	0	2	1	0	2	
2330	0	0	0	2	1	0	2	
2340	0	0	0	2	1	0	2	
2350	0	0	0	2	1	0	2	
2360	0	0	0	2	1	0	2	
2370	0	0	0	2	1	0	2	
2380	0	0	0	2	2	0	2	
2390	1	0	0	0	0	0	2	
2400	0	0	0	0	0	0	2	
2410	1	0	0	0	0	2	2	
2420	1	0	0	0	1	2	2	
2430	0	0	0	0	1	2	2	
2440	1	0	1	0	1	2	2	
2450	1	0	1	0	1	2	2	
2460	1	0	1	0	1	2	2	
2470	1	0	1	0	1	2	2	
2480	0	0	1	0	1	2	2	
2490	0	1	1	0	1	0	2	
2500	1	1	1	0	1	0	0	
2510	0	1	1	0	1	0	0	
2520	0	1	1	1	1	0	0	
2530	0	1	1	1	1	0	0	
2540	0	1	1	1	1	0	0	
2550	0	1	1	1	1	0	0	
2560	0	1	1	1	1	0	0	
2570	0	1	1	1	1	0	0	
2580	0	1	1	1	1	0	0	
2590	0	1	1	1	1	0	0	
2600	0	1	1	2	1	0	0	
2610	0	1	1	2	1	0	0	
2620	0	1	1	2	1	0	0	
2630	0	1	1	2	1	0	0	
2640	0	1	1	2	1	0	0	
2650	0	1	1	2	1	0	0	
2660	0	1	1	2	1	0	0	
2670	0	1	1	2	1	0	0	
2680	0	1	1	2	1	0	0	
2690	0	1	1	2	1	0	0	
2700	0	2	1	2	1	0	0	
2710	0	2	1	2	1	0	0	
2720	0	2	1	2	1	0	0	
2730	0	2	2	2	1	0	0	
2740	0	2	0	2	1	0	0	
2750	0	2	0	2	1	0	0	
2760	0	2	0	2	1	0	0	
2770	0	2	0	2	1	0	0	
2780	0	2	0	2	1	0	0	
2790	0	2	0	2	1	0	0	
2800	0	2	0	2	2	0	0	
2810	1	2	0	0	0	0	0	
2820	0	2	0	0	0	0	0	
2830	1	0	0	0	0	2	0	
2840	1	0	0	0	1	2	0	
2850	0	0	0	0	1	2	0	
2860	0	0	0	1	1	0	0	
2870	1	0	0	1	1	0	0	
2880	0	0	0	1	1	0	0	
2890	0	0	0	1	1	0	1	
2900	0	0	0	1	1	0	1	
2910	0	0	0	1	1	0	2	
2920	0	0	0	1	1	0	2	
2930	0	0	0	1	1	0	2	
2940	0	0	0	2	1	0	2	
2950	0	0	0	2	1	0	2	
2960	0	0	0	2	1	0	2	
2970	0	0	0	2	1	0	2	
2980	0	0	0	2	1	0	2	
2990	0	0	0	2	1	0	2	
3000	0	0	0	2	1	0	2	
3010	0	0	0	2	1	0	2	
3020	0	0	0	2	1	0	2	
3030	0	0	0	2	1	0	2	
3040	0	0	0	2	1	0	2	
3050	0	0	0	2	1	0	2	
3060	0	0	0	2	1	0	2	
3070	0	0	0	2	1	0	2	
3080	0	0	0	2	1	0	2	
3090	0	0	0	2	1	0	2	
3100	0	0	0	2	1	0	2	
3110	0	0	0	2	1	0	2	
3120	0	0	0	2	1	0	2	
3130	0	0	0	2	1	0	2	
3140	0	0	0	2	1	0	2	
3150	0	0	0	2	1	0	2	
3160	0	0	0	2	1	0	2	
3170	0	0	0	2	1	0	2	
3180	0	0	0	2	1	0	2	
3190	0	0	0	2	2	0	2	
3200	1	0	0	0	0	0	2	
3210	0	0	0	0	0	0	2	
3220	1	0	0	0	0	2	2	
3230	1	0	0	0	1	2	2	
3240	0	0	0	0	1	2	2	
3250	1	0	1	0	1	2	2	
3260	1	0	1	0	1	2	2	
3270	1	0	1	0	1	2	2	
3280	1	0	1	0	1	2	2	
3290	0	0	1	0	1	2	2	
3300	0	1	1	0	1	0	2	
3310	1	1	1	0	1	0	0	
3320	0	1	1	0	1	0	0	
3330	0	1	1	1	1	0	0	
3340	0	1	1	1	1	0	0	
3350	0	1	1	1	1	0	0	
3360	0	1	1	1	1	0	0	
3370	0	1	1	1	1	0	0	
3380	0	1	1	1	1	0	0	
3390	0	1	1	1	1	0	0	
3400	0	1	1	1	1	0	0	
3410	0	1	1	2	1	0	0	
3420	0	1	1	2	1	0	0	
3430	0	1	1	2	1	0	0	
3440	0	1	1	2	1	0	0	
3450	0	1	1	2	1	0	0	
3460	0	1	1	2	1	0	0	
3470	0	1	1	2	1	0	0	
3480	0	1	1	2	1	0	0	
3490	0	1	1	2	1	0	0	
3500	0	1	1	2	1	0	0	
3510	0	2	1	2	1	0	0	
3520	0	2	1	2	1	0	0	
3530	0	2	2	2	1	0	0	
3540	0	2	0	2	1	0	0	
3550	0	2	0	2	1	0	0	
3560	0	2	0	2	1	0	0	
3570	0	2	0	2	1	0	0	
3580	0	2	0	2	1	0	0	
3590	0	2	0	2	1	0	0	
3600	0	2	0	2	1	0	0	
3610	0	2	0	2	2	0	0	
3620	1	2	0	0	0	0	0	
3630	0	2	0	0	0	0	0	
3640	1	0	0	0	0	2	0	
3650	1	0	0	0	1	2	0	
3660	0	0	0	0	1	2	0	
3670	0	0	0	1	1	0	0	
3680	1	0	0	1	1	0	0	
3690	0	0	0	1	1	0	0	
3700	0	0	0	1	1	0	1	
3710	0	0	0	1	1	0	1	
3720	0	0	0	1	1	0	2	
3730	0	0	0	1	1	0	2	
3740	0	0	0	1	1	0	2	
3750	0	0	0	2	1	0	2	
3760	0	0	0	2	1	0	2	
3770	0	0	0	2	1	0	2	
3780	0	0	0	2	1	0	2	
3790	0	0	0	2	1	0	2	
3800	0	0	0	2	1	0	2	
3810	0	0	0	2	1	0	2	
3820	0	0	0	2	1	0	2	
3830	0	0	0	2	1	0	2	
3840	0	0	0	2	1	0	2	
3850	0	0	0	2	1	0	2	
3860	0	0	0	2	1	0	2	
3870	0	0	0	2	1	0	2	
3880	0	0	0	2	1	0	2	
3890	0	0	0	2	1	0	2	
3900	0	0	0	2	1	0	2	
3910	0	0	0	2	1	0	2	
3920	0	0	0	2	1	0	2	
3930	0	0	0	2	1	0	2	
3940	0	0	0	2	1	0	2	
3950	0	0	0	2	1	0	2	
3960	0	0	0	2	1	0	2	
3970	0	0	0	2	1	0	2	
3980	0	0	0	2	1	0	2	
3990	0	0	0	2	2	0	2	
4000	1	0	0	0	0	0	2	
4010	0	0	0	0	0	0	2	
4020	1	0	0	0	0	2	2	
4030	1	0	0	0	1	2	2	
4040	0	0	0	0	1	2	2	
4050	1	0	1	0	1	2	2	
4060	1	0	1	0	1	2	2	
4070	1	0	1	0	1	2	2	
4080	1	0	1	0	1	2	2	
4090	0	0	1	0	1	2	2	
4100	0	1	1	0	1	0	2	
4110	1	1	1	0	1	0	0	
4120	0	1	1	0	1	0	0	
4130	0	1	1	1	1	0	0	
4140	0	1	1	1	1	0	0	
4150	0	1	1	1	1	0	0	
4160	0	1	1	1	1	0	0	
4170	0	1	1	1	1	0	0	
4180	0	1	1	1	1	0	0	
4190	0	1	1	1	1	0	0	
4200	0	1	1	1	1	0	0	
4210	0	1	1	2	1	0	0	
4220	0	1	1	2	1	0	0	
4230	0	1	1	2	1	0	0	
4240	0	1	1	2	1	0	0	
4250	0	1	1	2	1	0	0	
4260	0	1	1	2	1	0	0	
4270	0	1	1	2	1	0	0	
4280	0	1	1	2	1	0	0	
4290	0	1	1	2	1	0	0	
4300	0	1	1	2	1	0	0	
4310	0	2	1	2	1	0	0	
4320	0	2	2	2	1	0	0	
4330	0	2	0	2	1	0	0	
4340	0	2	0	2	1	0	0	
4350	0	2	0	2	1	0	0	
4360	0	2	0	2	1	0	0	
4370	0	2	0	2	1	0	0	
4380	0	2	0	2	2	0	0	
4390	1	2	0	0	0	0	0	
4400	0	2	0	0	0	0	0	
4410	1	0	0	0	0	2	0	
4420	1	0	0	0	1	2	0	
4430	0	0	0	0	1	2	0	
4440	0	0	0	1	1	0	0	
4450	1	0	0	1	1	0	0	
4460	0	0	0	1	1	0	0	
4470	0	0	0	1	1	0	1	
4480	0	0	0	1	1	0	1	
4490	0	0	0	1	1	0	2	
4500	0	0	0	1	1	0	2	
4510	0	0	0	1	1	0	2	
4520	0	0	0	2	1	0	2	
4530	0	0	0	2	1	0	2	
4540	0	0	0	2	1	0	2	
4550	0	0	0	2	1	0	2	
4560	0	0	0	2	1	0	2	
4570	0	0	0	2	1	0	2	
4580	0	0	0	2	1	0	2	
4590	0	0	0	2	1	0	2	
4600	0	0	0	2	1	0	2	
4610	0	0	0	2	1	0	2	
4620	0	0	0	2	1	0	2	
4630	0	0	0	2	1	0	2	
4640	0	0	0	2	1	0	2	
4650	0	0	0	2	1	0	2	
4660	0	0	0	2	1	0	2	
4670	0	0	0	2	1	0	2	
4680	0	0	0	2	1	0	2	
4690	0	0	0	2	1	0	2	
4700	0	0	0	2	1	0	2	
4710	0	0	0	2	1	0	2	
4720	0	0	0	2	1	0	2	
4730	0	0	0	2	1	0	2	
4740	0	0	0	2	1	0	2	
4750	0	0	0	2	1	0	2	
4760	0	0	0	2	1	0	2	
4770	0	0	0	2	1	0	2	
4780	0	0	0	2	2	0	2	
4790	1	0	0	0	0	0	2	
4800	0	0	0	0	0	0	2	
4810	1	0	0	0	0	2	2	
4820	1	0	0	0	1	2	2	
4830	0	0	0	0	1	2	2	
4840	1	0	3	0	1	2	2	
4850	1	0	3	0	1	2	2	
4860	1	0	3	0	1	2	2	
4870	1	0	3	0	1	2	2	
4880	0	0	3	0	1	2	2	
4890	0	1	3	0	1	0	2	
4900	1	1	3	0	1	0	0	
4910	0	1	3	0	1	0	0	
4920	0	1	3	1	1	0	0	
4930	0	1	3	1	1	0	0	
4940	0	1	3	1	1	0	0	
4950	0	1	3	1	1	0	0	
4960	0	1	3	1	1	0	0	
4970	0	1	3	1	1	0	0	
4980	0	1	3	1	1	0	0	
4990	0	1	3	1	1	0	0	
5000	0	1	3	2	1	0	0	
5010	0	1	3	2	1	0	0	
5020	0	1	3	2	1	0	0	
5030	0	1	3	2	1	0	0	
5040	0	1	3	2	1	0	0	
5050	0	1	3	2	1	0	0	
5060	0	1	3	2	1	0	0	
5070	0	1	3	2	1	0	0	
5080	0	1	3	2	1	0	0	
5090	0	1	3	2	1	0	0	
5100	0	2	3	2	1	0	0	
5110	0	2	3	2	1	0	0	
5120	0	2	3	2	1	0	0	
5130	0	2	3	2	1	0	0	
5140	0	2	3	2	1	0	0	
5150	0	2	3	2	1	0	0	
5160	0	2	3	2	1	0	0	
5170	0	2	3	2	1	0	0	
5180	0	2	3	2	2	0	0	
5190	1	2	0	0	0	0	0	
5200	0	2	0	0	0	0	0	
5210	1	0	0	0	0	2	0	
5220	1	0	0	0	1	2	0	
5230	0	0	0	0	1	2	0	
5240	0	0	0	1	1	0	0	
5250	1	0	0	1	1	0	0	
5260	0	0	0	1	1	0	0	
5270	0	0	0	1	1	0	1	
5280	0	0	0	1	1	0	1	
5290	0	0	0	1	1	0	2	
5300	0	0	0	1	1	0	2	
5310	0	0	0	1	1	0	2	
5320	0	0	0	1	1	0	2	
5330	0	0	0	2	1	0	2	
5340	0	0	0	2	1	0	2	
5350	0	0	0	2	1	0	2	
5360	0	0	0	2	1	0	2	
5370	0	0	0	2	1	0	2	
5380	0	0	0	2	1	0	2	
5390	0	0	0	2	1	0	2	
5400	0	0	0	2	1	0	2	
5410	0	0	0	2	1	0	2	
5420	0	0	0	2	1	0	2	
5430	0	0	0	2	1	0	2	
5440	0	0	0	2	1	0	2	
5450	0	0	0	2	1	0	2	
5460	0	0	0	2	1	0	2	
5470	0	0	0	2	1	0	2	
5480	0	0	0	2	1	0	2	
5490	0	0	0	2	1	0	2	
5500	0	0	0	2	1	0	2	
5510	0	0	0	2	1	0	2	
5520	0	0	0	2	1	0	2	
5530	0	0	0	2	1	0	2	
5540	0	0	0	2	1	0	2	
5550	0	0	0	2	1	0	2	
5560	0	0	0	2	2	0	2	
5570	1	0	0	0	0	0	2	
5580	0	0	0	0	0	0	2	
5590	1	0	0	0	0	2	2	
5600	1	0	0	0	1	2	2	
5610	0	0	0	0	1	2	2	
5620	1	0	1	0	1	2	2	
5630	1	0	1	0	1	2	2	
5640	1	0	1	0	1	2	2	
5650	1	0	1	0	1	2	2	
5660	0	0	1	0	1	2	2	
5670	0	1	1	0	1	0	2	
5680	1	1	1	0	1	0	0	
5690	0	1	1	0	1	0	0	
5700	0	1	1	1	1	0	0	
5710	0	1	1	1	1	0	0	
5720	0	1	1	1	1	0	0	
5730	0	1	1	1	1	0	0	
5740	0	1	1	1	1	0	0	
5750	0	1	1	2	1	0	0	
5760	0	1	1	2	1	0	0	
5770	0	1	1	2	1	0	0	
5780	0	1	1	2	1	0	0	
5790	0	1	1	2	1	0	0	
5800	0	1	1	2	1	0	0	
5810	0	1	1	2	1	0	0	
5820	0	1	1	2	1	0	0	
5830	0	1	1	2	1	0	0	
5840	0	1	1	2	1	0	0	
5850	0	1	1	2	1	0	0	
5860	0	2	1	2	1	0	0	
5870	0	2	1	2	1	0	0	
5880	0	2	1	2	1	0	0	
5890	0	2	2	2	1	0	0	
5900	0	2	0	2	1	0	0	
5910	0	2	0	2	1	0	0	
5920	0	2	0	2	1	0	0	
5930	0	2	0	2	1	0	0	
5940	0	2	0	2	1	0	0	
5950	0	2	0	2	1	0	0	
5960	0	2	0	2	1	0	0	
5970	0	2	0	2	1	0	0	
5980	0	2	0	2	2	0	0	
5990	1	2	0	0	0	0	0	
6000	0	2	0	0	0	0	0	
6010	1	0	0	0	0	2	0	
6020	1	0	0	0	1	2	0	
6030	0	0	0	0	1	2	0	
6040	0	0	0	1	1	0	0	
6050	1	0	0	1	1	0	0	
6060	0	0	0	1	1	0	0	
6070	0	0	0	1	1	0	1	
6080	0	0	0	1	1	0	1	
6090	0	0	0	1	1	0	2	
6100	0	0	0	1	1	0	2	
6110	0	0	0	1	1	0	2	
6120	0	0	0	2	1	0	2	
6130	0	0	0	2	1	0	2	
6140	0	0	0	2	1	0	2	
6150	0	0	0	2	1	0	2	
6160	0	0	0	2	1	0	2	
6170	0	0	0	2	1	0	2	
6180	0	0	0	2	1	0	2	
6190	0	0	0	2	1	0	2	
6200	0	0	0	2	1	0	2	
6210	0	0	0	2	1	0	2	
6220	0	0	0	2	1	0	2	
6230	0	0	0	2	1	0	2	
6240	0	0	0	2	1	0	2	
6250	0	0	0	2	1	0	2	
6260	0	0	0	2	1	0	2	
6270	0	0	0	2	1	0	2	
6280	0	0	0	2	1	0	2	
6290	0	0	0	2	1	0	2	
6300	0	0	0	2	1	0	2	
6310	0	0	0	2	1	0	2	
6320	0	0	0	2	1	0	2	
6330	0	0	0	2	1	0	2	
6340	0	0	0	2	1	0	2	
6350	0	0	0	2	1	0	2	
6360	0	0	0	2	1	0	2	
6370	0	0	0	2	1	0	2	
6380	0	0	0	2	1	0	2	
6390	0	0	0	2	2	0	2	
6400	1	0	0	0	0	0	2	
6410	0	0	0	0	0	0	2	
6420	1	0	0	0	0	2	2	
6430	1	0	0	0	1	2	2	
6440	0	0	0	0	1	2	2	
6450	1	0	1	0	1	2	2	
6460	1	0	1	0	1	2	2	
6470	1	0	1	0	1	2	2	
6480	1	0	1	0	1	2	2	
6490	0	0	1	0	1	2	2	
6500	0	1	1	0	1	0	2	
6510	1	1	1	0	1	0	0	
6520	0	1	1	0	1	0	0	
6530	1	1	1	1	1	0	0	
6540	1	1	1	1	1	0	0	
6550	0	1	1	1	1	0	0	
6560	0	1	1	1	1	0	0	
6570	0	1	1	1	1	0	0	
6580	0	1	1	1	1	0	0	
6590	0	1	1	1	1	0	0	
6600	0	1	1	1	1	0	0	
6610	0	1	1	2	1	0	0	
6620	0	1	1	2	1	0	0	
6630	0	1	1	2	1	0	0	
6640	0	1	1	2	1	0	0	
6650	0	1	1	2	1	0	0	
6660	0	1	1	2	1	0	0	
6670	0	1	1	2	1	0	0	
6680	0	1	1	2	1	0	0	
6690	0	1	1	2	1	0	0	
6700	0	1	1	2	1	0	0	
6710	0	2	1	2	1	0	0	
6720	0	2	1	2	1	0	0	
6730	0	2	2	2	1	0	0	
6740	0	2	0	2	1	0	0	
6750	0	2	0	2	1	0	0	
6760	0	2	0	2	1	0	0	
6770	0	2	0	2	1	0	0	
6780	0	2	0	2	1	0	0	
6790	0	2	0	2	2	0	0	
6800	1	2	0	0	0	0	0	
6810	0	2	0	0	0	0	0	
6820	1	0	0	0	0	2	0	
6830	1	0	0	0	1	2	0	
6840	0	0	0	0	1	2	0	
6850	0	0	0	1	1	2	0	
6860	0	1	0	1	1	0	0	
6870	1	1	0	1	1	0	0	
6880	0	1	0	1	1	0	0	
6890	0	1	0	1	1	0	1	
6900	0	1	0	1	1	0	1	
6910	0	1	0	1	1	0	2	
6920	0	1	0	1	1	0	2	
6930	0	1	0	2	1	0	2	
6940	0	1	0	2	1	0	2	
6950	0	1	0	2	1	0	2	
6960	0	1	0	2	1	0	2	
6970	0	1	0	2	1	0	2	
6980	0	1	0	2	1	0	2	
6990	0	1	0	2	1	0	2	
7000	0	1	0	2	1	0	2	
7010	0	1	0	2	1	0	2	
7020	0	1	0	2	1	0	2	
7030	0	1	0	2	1	0	2	
7040	0	1	0	2	1	0	2	
7050	0	1	0	2	1	0	2	
7060	0	2	0	2	1	0	2	
7070	0	2	0	2	1	0	2	
7080	0	2	0	2	1	0	2	
7090	0	2	0	2	1	0	2	
7100	0	2	0	2	1	0	2	
7110	0	2	0	2	1	0	2	
7120	0	2	0	2	1	0	2	
7130	0	2	0	2	1	0	2	
7140	0	2	0	2	1	0	2	
7150	0	2	0	2	1	0	2	
7160	0	2	0	2	1	0	2	
7170	0	2	0	2	2	0	2	
7180	1	2	0	0	0	0	2	
7190	0	2	0	0	0	0	2	
7200	1	0	0	0	0	2	2	
7210	1	0	0	0	1	2	2	
7220	0	0	0	0	1	2	2	
7230	0	0	0	1	1	0	2	
7240	0	0	0	1	1	0	2	
7250	0	0	0	1	1	0	2	
7260	0	0	0	1	1	0	2	
7270	0	0	0	1	1	0	2	
7280	0	0	0	1	1	0	2	
7290	0	0	0	1	1	0	2	
7300	0	0	0	1	1	0	2	
7310	0	0	0	2	1	0	2	
7320	0	0	0	2	1	0	2	
7330	0	0	0	2	1	0	2	
7340	0	0	0	2	1	0	2	
7350	0	0	0	2	1	0	2	
7360	0	0	0	2	1	0	2	
7370	0	0	0	2	1	0	2	
7380	0	0	0	2	1	0	2	
7390	0	0	0	2	1	0	2	
7400	0	0	0	2	1	0	2	
7410	0	0	0	2	1	0	2	
7420	0	0	0	2	1	0	2	
7430	0	0	0	2	1	0	2	
7440	0	0	0	2	1	0	2	
7450	0	0	0	2	1	0	2	
7460	0	0	0	2	1	0	2	
7470	0	0	0	2	1	0	2	
7480	0	0	0	2	1	0	2	
7490	0	0	0	2	1	0	2	
7500	0	0	0	2	1	0	2	
7510	0	0	0	2	1	0	2	
7520	0	0	0	2	1	0	2	
7530	0	0	0	2	1	0	2	
7540	0	0	0	2	1	0	2	
7550	0	0	0	2	1	0	2	
7560	0	0	0	2	1	0	2	
7570	0	0	0	2	1	0	2	
7580	0	0	0	2	2	0	2	
7590	1	0	0	0	0	0	2	
7600	0	0	0	0	0	0	2	
7610	1	0	0	0	0	2	2	
7620	1	0	0	0	1	2	2	
7630	0	0	0	0	1	2	2	
7640	1	0	1	0	1	2	2	
7650	1	0	1	0	1	2	2	
7660	1	0	1	0	1	2	2	
7670	1	0	1	0	1	2	2	
7680	0	0	1	0	1	2	2	
7690	0	1	1	0	1	0	2	
7700	1	1	1	0	1	0	0	
7710	0	1	1	0	1	0	0	
7720	1	1	1	1	1	0	0	
7730	0	1	1	1	1	0	0	
7740	0	1	1	1	1	0	1	
7750	0	1	1	1	1	0	1	
7760	0	1	1	1	1	0	2	
7770	0	1	1	1	1	0	2	
7780	0	1	1	1	1	0	2	
7790	0	1	1	1	1	0	2	
7800	0	1	1	2	1	0	2	
7810	0	1	1	2	1	0	2	
7820	0	1	1	2	1	0	2	
7830	0	1	1	2	1	0	2	
7840	0	1	1	2	1	0	2	
7850	0	1	1	2	1	0	2	
7860	0	1	1	2	1	0	2	
7870	0	1	1	2	1	0	2	
7880	0	1	1	2	1	0	2	
7890	0	1	1	2	1	0	2	
7900	0	2	1	2	1	0	2	
7910	0	2	2	2	1	0	2	
7920	0	2	0	2	1	0	2	
7930	0	2	0	2	1	0	2	
7940	0	2	0	2	1	0	2	
7950	0	2	0	2	1	0	2	
7960	0	2	0	2	1	0	2	
7970	0	2	0	2	2	0	2	
7980	1	2	0	0	0	0	2	
7990	0	2	0	0	0	0	2	
8000	1	0	0	0	0	2	2	
8010	1	0	0	0	1	2	2	
8020	0	0	0	0	1	2	2	
8030	0	0	0	1	1	0	2	
8040	0	0	0	1	1	0	2	
8050	0	0	0	1	1	0	2	
8060	0	0	0	1	1	0	2	
8070	0	0	0	1	1	0	2	
8080	0	0	0	1	1	0	2	
8090	0	0	0	1	1	0	2	
8100	0	0	0	1	1	0	2	
8110	0	0	0	2	1	0	2	
8120	0	0	0	2	1	0	2	
8130	0	0	0	2	1	0	2	
8140	0	0	0	2	1	0	2	
8150	0	0	0	2	1	0	2	
8160	0	0	0	2	1	0	2	
8170	0	0	0	2	1	0	2	
8180	0	0	0	2	1	0	2	
8190	0	0	0	2	1	0	2	
8200	0	0	0	2	1	0	2	
8210	0	0	0	2	1	0	2	
8220	0	0	0	2	1	0	2	
8230	0	0	0	2	1	0	2	
8240	0	0	0	2	1	0	2	
8250	0	0	0	2	1	0	2	
8260	0	0	0	2	1	0	2	
8270	0	0	0	2	1	0	2	
8280	0	0	0	2	1	0	2	
8290	0	0	0	2	1	0	2	
8300	0	0	0	2	1	0	2	
8310	0	0	0	2	1	0	2	
8320	0	0	0	2	1	0	2	
8330	0	0	0	2	1	0	2	
8340	0	0	0	2	1	0	2	
8350	0	0	0	2	1	0	2	
8360	0	0	0	2	1	0	2	
8370	0	0	0	2	1	0	2	
8380	0	0	0	2	2	0	2	
8390	1	0	0	0	0	0	2	
8400	0	0	0	0	0	0	2	
8410	1	0	0	0	0	2	2	
8420	1	0	0	0	1	2	2	
8430	0	0	0	0	1	2	2	
8440	1	0	1	0	1	2	2	
8450	1	0	1	0	1	2	2	
8460	1	0	1	0	1	2	2	
8470	1	0	1	0	1	2	2	
8480	0	0	1	0	1	2	2	
8490	0	1	1	0	1	0	2	
8500	1	1	1	0	1	0	0	
8510	0	1	1	0	1	0	0	
8520	1	1	1	1	1	0	0	
8530	0	1	1	1	1	0	0	
8540	0	1	1	1	1	0	1	
8550	0	1	1	1	1	0	1	
8560	0	1	1	1	1	0	2	
8570	0	1	1	1	1	0	2	
8580	0	1	1	1	1	0	2	
8590	0	1	1	1	1	0	2	
8600	0	1	1	2	1	0	2	
8610	0	1	1	2	1	0	2	
8620	0	1	1	2	1	0	2	
8630	0	1	1	2	1	0	2	
