time	manip	gran	press	averat	laba	proba	StZn	cell_1	cell_2	cell_3
10	0	1	0	6	3	0	0	3	0	8	
20	0	1	0	6	3	0	0	3	0	8	
30	0	1	0	6	3	0	0	3	0	8	
40	0	1	0	6	3	0	0	3	0	8	
50	0	1	0	6	3	0	0	3	0	8	
60	0	1	0	6	3	0	0	3	0	8	
70	0	1	0	6	3	0	0	3	0	8	
80	0	1	0	6	3	0	0	3	0	8	
90	0	1	0	7	3	0	0	3	0	8	
100	0	1	0	7	3	0	0	3	0	8	
110	0	1	0	7	3	0	0	3	0	8	
120	0	1	0	7	3	0	0	3	0	8	
130	0	1	0	7	3	0	0	3	0	8	
140	0	1	0	7	3	0	0	3	0	8	
150	0	1	0	7	3	0	0	3	0	8	
160	0	1	0	7	3	0	0	3	0	8	
170	0	1	0	7	3	0	0	3	0	8	
180	0	1	0	7	3	0	0	3	0	8	
190	0	1	0	7	3	0	0	3	0	8	
200	0	1	0	7	3	0	0	3	0	8	
210	0	1	0	7	3	0	0	3	0	8	
220	0	2	0	7	3	0	0	3	0	8	
230	0	2	0	7	3	0	0	3	0	8	
240	0	2	0	7	3	0	0	3	0	8	
250	0	2	0	7	3	0	0	3	0	8	
260	0	2	0	7	3	0	0	3	0	8	
270	0	2	0	7	3	0	0	3	0	8	
280	0	2	0	7	3	0	0	3	0	8	
290	0	2	0	7	3	0	0	3	0	8	
300	0	2	0	7	3	0	0	3	0	8	
310	0	2	0	7	3	0	0	3	0	8	
320	0	2	0	7	3	0	0	3	0	8	
330	0	2	0	7	3	0	0	3	0	8	
340	0	2	0	7	3	0	0	3	0	8	
350	0	2	0	7	3	0	0	3	0	8	
360	0	2	0	7	3	0	0	3	0	8	
370	0	2	0	7	3	0	0	3	0	8	
380	7	2	0	0	0	0	0	4	0	8	
390	7	2	0	0	0	0	0	4	0	8	
400	2	0	0	0	0	7	0	4	0	8	
410	2	0	0	0	7	7	0	4	0	8	
420	2	0	0	0	7	7	0	4	0	8	
430	7	0	0	2	7	0	0	4	0	8	
440	4	0	0	2	7	0	0	0	7	8	
450	4	0	0	2	7	0	0	0	7	8	
460	0	0	0	2	7	0	4	0	7	8	
470	0	0	0	2	7	0	4	0	7	8	
480	0	0	0	2	7	0	4	0	7	8	
490	0	0	0	2	7	0	6	0	7	8	
500	0	0	0	2	7	0	6	0	7	8	
510	0	0	0	2	7	0	6	0	7	8	
520	0	0	0	2	7	0	6	0	7	8	
530	0	0	0	3	7	0	6	0	7	8	
540	0	0	0	3	7	0	6	0	7	8	
550	0	0	0	3	7	0	6	0	7	8	
560	0	0	0	3	7	0	6	0	7	8	
570	0	0	0	3	7	0	6	0	7	8	
580	0	0	0	3	7	0	6	0	7	8	
590	0	0	0	3	7	0	6	0	7	8	
600	0	0	0	3	7	0	6	0	7	8	
610	0	0	0	3	7	0	6	0	7	8	
620	0	0	0	3	7	0	6	0	7	8	
630	0	0	0	3	7	0	6	0	7	8	
640	0	0	0	3	7	0	6	0	7	8	
650	0	0	0	3	7	0	6	0	7	8	
660	0	0	0	3	7	0	6	0	7	8	
670	0	0	0	3	7	0	6	0	7	8	
680	0	0	0	3	7	0	6	0	7	8	
690	0	0	0	3	7	0	6	0	7	8	
700	0	0	0	3	7	0	6	0	7	8	
710	0	0	0	3	7	0	6	0	7	8	
720	0	0	0	3	7	0	6	0	7	8	
730	0	0	0	3	7	0	6	0	7	8	
740	0	0	0	3	7	0	6	0	7	8	
750	0	0	0	3	7	0	6	0	7	8	
760	0	0	0	3	7	0	6	0	7	8	
770	0	0	0	3	7	0	6	0	7	8	
780	3	0	0	0	0	0	6	0	8	8	
790	3	0	0	0	0	0	6	0	8	8	
800	8	0	0	0	0	3	6	0	0	8	
810	8	0	0	0	3	3	6	0	0	8	
820	8	0	0	0	3	3	6	0	0	8	
830	1	0	0	0	3	3	6	0	0	8	
840	1	0	0	0	3	3	6	0	0	8	
850	1	0	0	0	3	3	6	0	0	8	
860	1	0	0	0	3	3	6	0	0	8	
870	1	0	0	0	3	3	6	0	0	8	
880	3	1	0	0	3	0	6	0	0	8	
890	6	1	0	0	3	0	0	3	0	8	
900	6	1	0	0	3	0	0	3	0	8	
910	0	1	0	6	3	0	0	3	0	8	
920	0	1	0	6	3	0	0	3	0	8	
930	0	1	0	6	3	0	0	3	0	8	
940	0	1	0	6	3	0	0	3	0	8	
950	0	1	0	6	3	0	0	3	0	8	
960	0	1	0	6	3	0	0	3	0	8	
970	0	1	0	6	3	0	0	3	0	8	
980	0	1	0	6	3	0	0	3	0	8	
990	0	1	0	6	3	0	0	3	0	8	
1000	0	1	0	6	3	0	0	3	0	8	
1010	0	1	0	7	3	0	0	3	0	8	
1020	0	1	0	7	3	0	0	3	0	8	
1030	0	1	0	7	3	0	0	3	0	8	
1040	0	1	0	7	3	0	0	3	0	8	
1050	0	1	0	7	3	0	0	3	0	8	
1060	0	1	0	7	3	0	0	3	0	8	
1070	0	1	0	7	3	0	0	3	0	8	
1080	0	1	0	7	3	0	0	3	0	8	
1090	0	2	0	7	3	0	0	3	0	8	
1100	0	2	0	7	3	0	0	3	0	8	
1110	0	2	0	7	3	0	0	3	0	8	
1120	0	2	0	7	3	0	0	3	0	8	
1130	0	2	0	7	3	0	0	3	0	8	
1140	0	2	0	7	3	0	0	3	0	8	
1150	0	2	0	7	3	0	0	3	0	8	
1160	0	2	0	7	3	0	0	3	0	8	
1170	7	2	0	0	0	0	0	4	0	8	
1180	7	2	0	0	0	0	0	4	0	8	
1190	2	0	0	0	0	7	0	4	0	8	
1200	2	0	0	0	7	7	0	4	0	8	
1210	2	0	0	0	7	7	0	4	0	8	
1220	7	0	0	2	7	0	0	4	0	8	
1230	4	0	0	2	7	0	0	0	7	8	
1240	4	0	0	2	7	0	0	0	7	8	
1250	0	0	0	2	7	0	4	0	7	8	
1260	0	0	0	2	7	0	4	0	7	8	
1270	0	0	0	2	7	0	4	0	7	8	
1280	0	0	0	3	7	0	6	0	7	8	
1290	0	0	0	3	7	0	6	0	7	8	
1300	0	0	0	3	7	0	6	0	7	8	
1310	0	0	0	3	7	0	6	0	7	8	
1320	0	0	0	3	7	0	6	0	7	8	
1330	0	0	0	3	7	0	6	0	7	8	
1340	0	0	0	3	7	0	6	0	7	8	
1350	0	0	0	3	7	0	6	0	7	8	
1360	0	0	0	3	7	0	6	0	7	8	
1370	0	0	0	3	7	0	6	0	7	8	
1380	0	0	0	3	7	0	6	0	7	8	
1390	0	0	0	3	7	0	6	0	7	8	
1400	0	0	0	3	7	0	6	0	7	8	
1410	0	0	0	3	7	0	6	0	7	8	
1420	0	0	0	3	7	0	6	0	7	8	
1430	0	0	0	3	7	0	6	0	7	8	
1440	0	0	0	3	7	0	6	0	7	8	
1450	0	0	0	3	7	0	6	0	7	8	
1460	0	0	0	3	7	0	6	0	7	8	
1470	0	0	0	3	7	0	6	0	7	8	
1480	0	0	0	3	7	0	6	0	7	8	
1490	0	0	0	3	7	0	6	0	7	8	
1500	0	0	0	3	7	0	6	0	7	8	
1510	0	0	0	3	7	0	6	0	7	8	
1520	0	0	0	3	7	0	6	0	7	8	
1530	0	0	0	3	7	0	6	0	7	8	
1540	0	0	0	3	7	0	6	0	7	8	
1550	0	0	0	3	7	0	6	0	7	8	
1560	0	0	0	3	7	0	6	0	7	8	
1570	0	0	0	3	7	0	6	0	7	8	
1580	0	0	0	3	7	0	6	0	7	8	
1590	3	0	0	0	0	0	6	0	8	8	
1600	3	0	0	0	0	0	6	0	8	8	
1610	8	0	0	0	0	3	6	0	0	8	
1620	8	0	0	0	3	3	6	0	0	8	
1630	8	0	0	0	3	3	6	0	0	8	
1640	1	0	0	0	3	3	6	0	0	8	
1650	1	0	0	0	3	3	6	0	0	8	
1660	1	0	0	0	3	3	6	0	0	8	
1670	1	0	0	0	3	3	6	0	0	8	
1680	1	0	0	0	3	3	6	0	0	8	
1690	3	1	0	0	3	0	6	0	0	8	
1700	6	1	0	0	3	0	0	3	0	8	
1710	6	1	0	0	3	0	0	3	0	8	
1720	0	1	0	6	3	0	0	3	0	8	
1730	0	1	0	6	3	0	0	3	0	8	
1740	0	1	0	6	3	0	0	3	0	8	
1750	0	1	0	6	3	0	0	3	0	8	
1760	0	1	0	6	3	0	0	3	0	8	
1770	0	1	0	6	3	0	0	3	0	8	
1780	0	1	0	6	3	0	0	3	0	8	
1790	0	1	0	6	3	0	0	3	0	8	
1800	0	1	0	6	3	0	0	3	0	8	
1810	0	1	0	7	3	0	0	3	0	8	
1820	0	1	0	7	3	0	0	3	0	8	
1830	0	1	0	7	3	0	0	3	0	8	
1840	0	1	0	7	3	0	0	3	0	8	
1850	0	1	0	7	3	0	0	3	0	8	
1860	0	1	0	7	3	0	0	3	0	8	
1870	0	1	0	7	3	0	0	3	0	8	
1880	0	1	0	7	3	0	0	3	0	8	
1890	0	1	0	7	3	0	0	3	0	8	
1900	0	1	0	7	3	0	0	3	0	8	
1910	0	2	0	7	3	0	0	3	0	8	
1920	0	2	0	7	3	0	0	3	0	8	
1930	0	2	0	7	3	0	0	3	0	8	
1940	0	2	0	7	3	0	0	3	0	8	
1950	0	2	0	7	3	0	0	3	0	8	
1960	0	2	0	7	3	0	0	3	0	8	
1970	0	2	0	7	3	0	0	3	0	8	
1980	0	2	0	7	3	0	0	3	0	8	
1990	7	2	0	0	0	0	0	4	0	8	
2000	7	2	0	0	0	0	0	4	0	8	
2010	2	0	0	0	0	7	0	4	0	8	
2020	2	0	0	0	7	7	0	4	0	8	
2030	2	0	0	0	7	7	0	4	0	8	
2040	7	0	0	2	7	0	0	4	0	8	
2050	4	0	0	2	7	0	0	0	7	8	
2060	4	0	0	2	7	0	0	0	7	8	
2070	0	0	0	2	7	0	4	0	7	8	
2080	0	0	0	2	7	0	4	0	7	8	
2090	0	0	0	2	7	0	4	0	7	8	
2100	0	0	0	2	7	0	6	0	7	8	
2110	0	0	0	2	7	0	6	0	7	8	
2120	0	0	0	2	7	0	6	0	7	8	
2130	0	0	0	3	7	0	6	0	7	8	
2140	0	0	0	3	7	0	6	0	7	8	
2150	0	0	0	3	7	0	6	0	7	8	
2160	0	0	0	3	7	0	6	0	7	8	
2170	0	0	0	3	7	0	6	0	7	8	
2180	0	0	0	3	7	0	6	0	7	8	
2190	0	0	0	3	7	0	6	0	7	8	
2200	0	0	0	3	7	0	6	0	7	8	
2210	0	0	0	3	7	0	6	0	7	8	
2220	0	0	0	3	7	0	6	0	7	8	
2230	0	0	0	3	7	0	6	0	7	8	
2240	0	0	0	3	7	0	6	0	7	8	
2250	0	0	0	3	7	0	6	0	7	8	
2260	0	0	0	3	7	0	6	0	7	8	
2270	0	0	0	3	7	0	6	0	7	8	
2280	0	0	0	3	7	0	6	0	7	8	
2290	0	0	0	3	7	0	6	0	7	8	
2300	0	0	0	3	7	0	6	0	7	8	
2310	0	0	0	3	7	0	6	0	7	8	
2320	0	0	0	3	7	0	6	0	7	8	
2330	0	0	0	3	7	0	6	0	7	8	
2340	0	0	0	3	7	0	6	0	7	8	
2350	0	0	0	3	7	0	6	0	7	8	
2360	0	0	0	3	7	0	6	0	7	8	
2370	0	0	0	3	7	0	6	0	7	8	
2380	3	0	0	0	0	0	6	0	8	8	
2390	3	0	0	0	0	0	6	0	8	8	
2400	8	0	0	0	0	3	6	0	0	8	
2410	8	0	0	0	3	3	6	0	0	8	
2420	8	0	0	0	3	3	6	0	0	8	
2430	1	0	0	0	3	3	6	0	0	8	
2440	1	0	0	0	3	3	6	0	0	8	
2450	1	0	0	0	3	3	6	0	0	8	
2460	1	0	0	0	3	3	6	0	0	8	
2470	1	0	0	0	3	3	6	0	0	8	
2480	3	1	0	0	3	0	6	0	0	8	
2490	6	1	0	0	3	0	0	3	0	8	
2500	6	1	0	0	3	0	0	3	0	8	
2510	0	1	0	6	3	0	0	3	0	8	
2520	0	1	0	6	3	0	0	3	0	8	
2530	0	1	0	6	3	0	0	3	0	8	
2540	0	1	0	6	3	0	0	3	0	8	
2550	0	1	0	6	3	0	0	3	0	8	
2560	0	1	0	6	3	0	0	3	0	8	
2570	0	1	0	6	3	0	0	3	0	8	
2580	0	1	0	6	3	0	0	3	0	8	
2590	0	1	0	6	3	0	0	3	0	8	
2600	0	1	0	7	3	0	0	3	0	8	
2610	0	1	0	7	3	0	0	3	0	8	
2620	0	1	0	7	3	0	0	3	0	8	
2630	0	1	0	7	3	0	0	3	0	8	
2640	0	1	0	7	3	0	0	3	0	8	
2650	0	1	0	7	3	0	0	3	0	8	
2660	0	1	0	7	3	0	0	3	0	8	
2670	0	1	0	7	3	0	0	3	0	8	
2680	0	1	0	7	3	0	0	3	0	8	
2690	0	1	0	7	3	0	0	3	0	8	
2700	0	2	0	7	3	0	0	3	0	8	
2710	0	2	0	7	3	0	0	3	0	8	
2720	0	2	0	7	3	0	0	3	0	8	
2730	0	2	0	7	3	0	0	3	0	8	
2740	0	2	0	7	3	0	0	3	0	8	
2750	0	2	0	7	3	0	0	3	0	8	
2760	0	2	0	7	3	0	0	3	0	8	
2770	0	2	0	7	3	0	0	3	0	8	
2780	0	2	0	7	3	0	0	3	0	8	
2790	0	2	0	7	3	0	0	3	0	8	
2800	7	2	0	0	0	0	0	4	0	8	
2810	7	2	0	0	0	0	0	4	0	8	
2820	2	0	0	0	0	7	0	4	0	8	
2830	2	0	0	0	7	7	0	4	0	8	
2840	2	0	0	0	7	7	0	4	0	8	
2850	7	0	0	2	7	0	0	4	0	8	
2860	4	0	0	2	7	0	0	0	7	8	
2870	4	0	0	2	7	0	0	0	7	8	
2880	0	0	0	2	7	0	4	0	7	8	
2890	0	0	0	2	7	0	4	0	7	8	
2900	0	0	0	2	7	0	4	0	7	8	
2910	0	0	0	2	7	0	6	0	7	8	
2920	0	0	0	2	7	0	6	0	7	8	
2930	0	0	0	2	7	0	6	0	7	8	
2940	0	0	0	3	7	0	6	0	7	8	
2950	0	0	0	3	7	0	6	0	7	8	
2960	0	0	0	3	7	0	6	0	7	8	
2970	0	0	0	3	7	0	6	0	7	8	
2980	0	0	0	3	7	0	6	0	7	8	
2990	0	0	0	3	7	0	6	0	7	8	
3000	0	0	0	3	7	0	6	0	7	8	
3010	0	0	0	3	7	0	6	0	7	8	
3020	0	0	0	3	7	0	6	0	7	8	
3030	0	0	0	3	7	0	6	0	7	8	
3040	0	0	0	3	7	0	6	0	7	8	
3050	0	0	0	3	7	0	6	0	7	8	
3060	0	0	0	3	7	0	6	0	7	8	
3070	0	0	0	3	7	0	6	0	7	8	
3080	0	0	0	3	7	0	6	0	7	8	
3090	0	0	0	3	7	0	6	0	7	8	
3100	0	0	0	3	7	0	6	0	7	8	
3110	0	0	0	3	7	0	6	0	7	8	
3120	0	0	0	3	7	0	6	0	7	8	
3130	0	0	0	3	7	0	6	0	7	8	
3140	0	0	0	3	7	0	6	0	7	8	
3150	0	0	0	3	7	0	6	0	7	8	
3160	0	0	0	3	7	0	6	0	7	8	
3170	0	0	0	3	7	0	6	0	7	8	
3180	0	0	0	3	7	0	6	0	7	8	
3190	3	0	0	0	0	0	6	0	8	8	
3200	3	0	0	0	0	0	6	0	8	8	
3210	8	0	0	0	0	3	6	0	0	8	
3220	8	0	0	0	3	3	6	0	0	8	
3230	8	0	0	0	3	3	6	0	0	8	
3240	1	0	0	0	3	3	6	0	0	8	
3250	1	0	0	0	3	3	6	0	0	8	
3260	1	0	0	0	3	3	6	0	0	8	
3270	1	0	0	0	3	3	6	0	0	8	
3280	1	0	0	0	3	3	6	0	0	8	
3290	3	1	0	0	3	0	6	0	0	8	
3300	6	1	0	0	3	0	0	3	0	8	
3310	6	1	0	0	3	0	0	3	0	8	
3320	0	1	0	6	3	0	0	3	0	8	
3330	0	1	0	6	3	0	0	3	0	8	
3340	0	1	0	6	3	0	0	3	0	8	
3350	0	1	0	6	3	0	0	3	0	8	
3360	0	1	0	6	3	0	0	3	0	8	
3370	0	1	0	6	3	0	0	3	0	8	
3380	0	1	0	6	3	0	0	3	0	8	
3390	0	1	0	6	3	0	0	3	0	8	
3400	0	1	0	6	3	0	0	3	0	8	
3410	0	1	0	7	3	0	0	3	0	8	
3420	0	1	0	7	3	0	0	3	0	8	
3430	0	1	0	7	3	0	0	3	0	8	
3440	0	1	0	7	3	0	0	3	0	8	
3450	0	1	0	7	3	0	0	3	0	8	
3460	0	1	0	7	3	0	0	3	0	8	
3470	0	1	0	7	3	0	0	3	0	8	
3480	0	1	0	7	3	0	0	3	0	8	
3490	0	1	0	7	3	0	0	3	0	8	
3500	0	1	0	7	3	0	0	3	0	8	
3510	0	2	0	7	3	0	0	3	0	8	
3520	0	2	0	7	3	0	0	3	0	8	
3530	0	2	0	7	3	0	0	3	0	8	
3540	0	2	0	7	3	0	0	3	0	8	
3550	0	2	0	7	3	0	0	3	0	8	
3560	0	2	0	7	3	0	0	3	0	8	
3570	0	2	0	7	3	0	0	3	0	8	
3580	0	2	0	7	3	0	0	3	0	8	
3590	0	2	0	7	3	0	0	3	0	8	
3600	0	2	0	7	3	0	0	3	0	8	
3610	7	2	0	0	0	0	0	4	0	8	
3620	7	2	0	0	0	0	0	4	0	8	
3630	2	0	0	0	0	7	0	4	0	8	
3640	2	0	0	0	7	7	0	4	0	8	
3650	2	0	0	0	7	7	0	4	0	8	
3660	7	0	0	2	7	0	0	4	0	8	
3670	4	0	0	2	7	0	0	0	7	8	
3680	4	0	0	2	7	0	0	0	7	8	
3690	0	0	0	2	7	0	4	0	7	8	
3700	0	0	0	2	7	0	4	0	7	8	
3710	0	0	0	2	7	0	4	0	7	8	
3720	0	0	0	2	7	0	6	0	7	8	
3730	0	0	0	2	7	0	6	0	7	8	
3740	0	0	0	2	7	0	6	0	7	8	
3750	0	0	0	3	7	0	6	0	7	8	
3760	0	0	0	3	7	0	6	0	7	8	
3770	0	0	0	3	7	0	6	0	7	8	
3780	0	0	0	3	7	0	6	0	7	8	
3790	0	0	0	3	7	0	6	0	7	8	
3800	0	0	0	3	7	0	6	0	7	8	
3810	0	0	0	3	7	0	6	0	7	8	
3820	0	0	0	3	7	0	6	0	7	8	
3830	0	0	0	3	7	0	6	0	7	8	
3840	0	0	0	3	7	0	6	0	7	8	
3850	0	0	0	3	7	0	6	0	7	8	
3860	0	0	0	3	7	0	6	0	7	8	
3870	0	0	0	3	7	0	6	0	7	8	
3880	0	0	0	3	7	0	6	0	7	8	
3890	0	0	0	3	7	0	6	0	7	8	
3900	0	0	0	3	7	0	6	0	7	8	
3910	0	0	0	3	7	0	6	0	7	8	
3920	0	0	0	3	7	0	6	0	7	8	
3930	0	0	0	3	7	0	6	0	7	8	
3940	0	0	0	3	7	0	6	0	7	8	
3950	0	0	0	3	7	0	6	0	7	8	
3960	0	0	0	3	7	0	6	0	7	8	
3970	0	0	0	3	7	0	6	0	7	8	
3980	0	0	0	3	7	0	6	0	7	8	
3990	3	0	0	0	0	0	6	0	8	8	
4000	3	0	0	0	0	0	6	0	8	8	
4010	8	0	0	0	0	3	6	0	0	8	
4020	8	0	0	0	3	3	6	0	0	8	
4030	8	0	0	0	3	3	6	0	0	8	
4040	1	0	0	0	3	3	6	0	0	8	
4050	1	0	0	0	3	3	6	0	0	8	
4060	1	0	0	0	3	3	6	0	0	8	
4070	1	0	0	0	3	3	6	0	0	8	
4080	1	0	0	0	3	3	6	0	0	8	
4090	3	1	0	0	3	0	6	0	0	8	
4100	6	1	0	0	3	0	0	3	0	8	
4110	6	1	0	0	3	0	0	3	0	8	
4120	0	1	0	6	3	0	0	3	0	8	
4130	0	1	0	6	3	0	0	3	0	8	
4140	0	1	0	6	3	0	0	3	0	8	
4150	0	1	0	6	3	0	0	3	0	8	
4160	0	1	0	6	3	0	0	3	0	8	
4170	0	1	0	6	3	0	0	3	0	8	
4180	0	1	0	6	3	0	0	3	0	8	
4190	0	1	0	6	3	0	0	3	0	8	
4200	0	1	0	6	3	0	0	3	0	8	
4210	0	1	0	7	3	0	0	3	0	8	
4220	0	1	0	7	3	0	0	3	0	8	
4230	0	1	0	7	3	0	0	3	0	8	
4240	0	1	0	7	3	0	0	3	0	8	
4250	0	1	0	7	3	0	0	3	0	8	
4260	0	1	0	7	3	0	0	3	0	8	
4270	0	1	0	7	3	0	0	3	0	8	
4280	0	1	0	7	3	0	0	3	0	8	
4290	0	1	0	7	3	0	0	3	0	8	
4300	0	1	0	7	3	0	0	3	0	8	
4310	0	2	0	7	3	0	0	3	0	8	
4320	0	2	0	7	3	0	0	3	0	8	
4330	0	2	0	7	3	0	0	3	0	8	
4340	0	2	0	7	3	0	0	3	0	8	
4350	0	2	0	7	3	0	0	3	0	8	
4360	0	2	0	7	3	0	0	3	0	8	
4370	0	2	0	7	3	0	0	3	0	8	
4380	7	2	0	0	0	0	0	4	0	8	
4390	7	2	0	0	0	0	0	4	0	8	
4400	2	0	0	0	0	7	0	4	0	8	
4410	2	0	0	0	7	7	0	4	0	8	
4420	2	0	0	0	7	7	0	4	0	8	
4430	7	0	0	2	7	0	0	4	0	8	
4440	4	0	0	2	7	0	0	0	7	8	
4450	4	0	0	2	7	0	0	0	7	8	
4460	0	0	0	2	7	0	4	0	7	8	
4470	0	0	0	2	7	0	4	0	7	8	
4480	0	0	0	2	7	0	4	0	7	8	
4490	0	0	0	2	7	0	6	0	7	8	
4500	0	0	0	2	7	0	6	0	7	8	
4510	0	0	0	2	7	0	6	0	7	8	
4520	0	0	0	3	7	0	6	0	7	8	
4530	0	0	0	3	7	0	6	0	7	8	
4540	0	0	0	3	7	0	6	0	7	8	
4550	0	0	0	3	7	0	6	0	7	8	
4560	0	0	0	3	7	0	6	0	7	8	
4570	0	0	0	3	7	0	6	0	7	8	
4580	0	0	0	3	7	0	6	0	7	8	
4590	0	0	0	3	7	0	6	0	7	8	
4600	0	0	0	3	7	0	6	0	7	8	
4610	0	0	0	3	7	0	6	0	7	8	
4620	0	0	0	3	7	0	6	0	7	8	
4630	0	0	0	3	7	0	6	0	7	8	
4640	0	0	0	3	7	0	6	0	7	8	
4650	0	0	0	3	7	0	6	0	7	8	
4660	0	0	0	3	7	0	6	0	7	8	
4670	0	0	0	3	7	0	6	0	7	8	
4680	0	0	0	3	7	0	6	0	7	8	
4690	0	0	0	3	7	0	6	0	7	8	
4700	0	0	0	3	7	0	6	0	7	8	
4710	0	0	0	3	7	0	6	0	7	8	
4720	0	0	0	3	7	0	6	0	7	8	
4730	0	0	0	3	7	0	6	0	7	8	
4740	0	0	0	3	7	0	6	0	7	8	
4750	0	0	0	3	7	0	6	0	7	8	
4760	0	0	0	3	7	0	6	0	7	8	
4770	0	0	0	3	7	0	6	0	7	8	
4780	3	0	0	0	0	0	6	0	8	8	
4790	3	0	0	0	0	0	6	0	8	8	
4800	8	0	0	0	0	3	6	0	0	8	
4810	8	0	0	0	3	3	6	0	0	8	
4820	8	0	0	0	3	3	6	0	0	8	
4830	1	0	0	0	3	3	6	0	0	8	
4840	1	0	0	0	3	3	6	0	0	8	
4850	1	0	0	0	3	3	6	0	0	8	
4860	1	0	0	0	3	3	6	0	0	8	
4870	1	0	0	0	3	3	6	0	0	8	
4880	3	1	0	0	3	0	6	0	0	8	
4890	6	1	0	0	3	0	0	3	0	8	
4900	6	1	0	0	3	0	0	3	0	8	
4910	0	1	0	6	3	0	0	3	0	8	
4920	0	1	0	6	3	0	0	3	0	8	
4930	0	1	0	6	3	0	0	3	0	8	
4940	0	1	0	6	3	0	0	3	0	8	
4950	0	1	0	6	3	0	0	3	0	8	
4960	0	1	0	6	3	0	0	3	0	8	
4970	0	1	0	6	3	0	0	3	0	8	
4980	0	1	0	6	3	0	0	3	0	8	
4990	0	1	0	6	3	0	0	3	0	8	
5000	0	1	0	7	3	0	0	3	0	8	
5010	0	1	0	7	3	0	0	3	0	8	
5020	0	1	0	7	3	0	0	3	0	8	
5030	0	1	0	7	3	0	0	3	0	8	
5040	0	1	0	7	3	0	0	3	0	8	
5050	0	1	0	7	3	0	0	3	0	8	
5060	0	1	0	7	3	0	0	3	0	8	
5070	0	1	0	7	3	0	0	3	0	8	
5080	0	1	0	7	3	0	0	3	0	8	
5090	0	1	0	7	3	0	0	3	0	8	
5100	0	2	0	7	3	0	0	3	0	8	
5110	0	2	0	7	3	0	0	3	0	8	
5120	0	2	0	7	3	0	0	3	0	8	
5130	0	2	0	7	3	0	0	3	0	8	
5140	0	2	0	7	3	0	0	3	0	8	
5150	0	2	0	7	3	0	0	3	0	8	
5160	0	2	0	7	3	0	0	3	0	8	
5170	0	2	0	7	3	0	0	3	0	8	
5180	7	2	0	0	0	0	0	4	0	8	
5190	7	2	0	0	0	0	0	4	0	8	
5200	2	0	0	0	0	7	0	4	0	8	
5210	2	0	0	0	7	7	0	4	0	8	
5220	2	0	0	0	7	7	0	4	0	8	
5230	7	0	0	2	7	0	0	4	0	8	
5240	4	0	0	2	7	0	0	0	7	8	
5250	4	0	0	2	7	0	0	0	7	8	
5260	0	0	0	2	7	0	4	0	7	8	
5270	0	0	0	2	7	0	4	0	7	8	
5280	0	0	0	2	7	0	4	0	7	8	
5290	0	0	0	2	7	0	6	0	7	8	
5300	0	0	0	2	7	0	6	0	7	8	
5310	0	0	0	2	7	0	6	0	7	8	
5320	0	0	0	2	7	0	6	0	7	8	
5330	0	0	0	3	7	0	6	0	7	8	
5340	0	0	0	3	7	0	6	0	7	8	
5350	0	0	0	3	7	0	6	0	7	8	
5360	0	0	0	3	7	0	6	0	7	8	
5370	0	0	0	3	7	0	6	0	7	8	
5380	0	0	0	3	7	0	6	0	7	8	
5390	0	0	0	3	7	0	6	0	7	8	
5400	0	0	0	3	7	0	6	0	7	8	
5410	0	0	0	3	7	0	6	0	7	8	
5420	0	0	0	3	7	0	6	0	7	8	
5430	0	0	0	3	7	0	6	0	7	8	
5440	0	0	0	3	7	0	6	0	7	8	
5450	0	0	0	3	7	0	6	0	7	8	
5460	0	0	0	3	7	0	6	0	7	8	
5470	0	0	0	3	7	0	6	0	7	8	
5480	0	0	0	3	7	0	6	0	7	8	
5490	0	0	0	3	7	0	6	0	7	8	
5500	0	0	0	3	7	0	6	0	7	8	
5510	0	0	0	3	7	0	6	0	7	8	
5520	0	0	0	3	7	0	6	0	7	8	
5530	0	0	0	3	7	0	6	0	7	8	
5540	0	0	0	3	7	0	6	0	7	8	
5550	0	0	0	3	7	0	6	0	7	8	
5560	3	0	0	0	0	0	6	0	8	8	
5570	3	0	0	0	0	0	6	0	8	8	
5580	8	0	0	0	0	3	6	0	0	8	
5590	8	0	0	0	3	3	6	0	0	8	
5600	8	0	0	0	3	3	6	0	0	8	
5610	1	0	0	0	3	3	6	0	0	8	
5620	1	0	0	0	3	3	6	0	0	8	
5630	1	0	0	0	3	3	6	0	0	8	
5640	1	0	0	0	3	3	6	0	0	8	
5650	1	0	0	0	3	3	6	0	0	8	
5660	3	1	0	0	3	0	6	0	0	8	
5670	6	1	0	0	3	0	0	3	0	8	
5680	6	1	0	0	3	0	0	3	0	8	
5690	0	1	0	6	3	0	0	3	0	8	
5700	0	1	0	6	3	0	0	3	0	8	
5710	0	1	0	6	3	0	0	3	0	8	
5720	0	1	0	6	3	0	0	3	0	8	
5730	0	1	0	6	3	0	0	3	0	8	
5740	0	1	0	6	3	0	0	3	0	8	
5750	0	1	0	7	3	0	0	3	0	8	
5760	0	1	0	7	3	0	0	3	0	8	
5770	0	1	0	7	3	0	0	3	0	8	
5780	0	1	0	7	3	0	0	3	0	8	
5790	0	1	0	7	3	0	0	3	0	8	
5800	0	1	0	7	3	0	0	3	0	8	
5810	0	1	0	7	3	0	0	3	0	8	
5820	0	1	0	7	3	0	0	3	0	8	
5830	0	1	0	7	3	0	0	3	0	8	
5840	0	1	0	7	3	0	0	3	0	8	
5850	0	1	0	7	3	0	0	3	0	8	
5860	0	2	0	7	3	0	0	3	0	8	
5870	0	2	0	7	3	0	0	3	0	8	
5880	0	2	0	7	3	0	0	3	0	8	
5890	0	2	0	7	3	0	0	3	0	8	
5900	0	2	0	7	3	0	0	3	0	8	
5910	0	2	0	7	3	0	0	3	0	8	
5920	0	2	0	7	3	0	0	3	0	8	
5930	0	2	0	7	3	0	0	3	0	8	
5940	0	2	0	7	3	0	0	3	0	8	
5950	0	2	0	7	3	0	0	3	0	8	
5960	0	2	0	7	3	0	0	3	0	8	
5970	0	2	0	7	3	0	0	3	0	8	
5980	7	2	0	0	0	0	0	4	0	8	
5990	7	2	0	0	0	0	0	4	0	8	
6000	2	0	0	0	0	7	0	4	0	8	
6010	2	0	0	0	7	7	0	4	0	8	
6020	2	0	0	0	7	7	0	4	0	8	
6030	7	0	0	2	7	0	0	4	0	8	
6040	4	0	0	2	7	0	0	0	7	8	
6050	4	0	0	2	7	0	0	0	7	8	
6060	0	0	0	2	7	0	4	0	7	8	
6070	0	0	0	2	7	0	4	0	7	8	
6080	0	0	0	2	7	0	4	0	7	8	
6090	0	0	0	2	7	0	6	0	7	8	
6100	0	0	0	2	7	0	6	0	7	8	
6110	0	0	0	2	7	0	6	0	7	8	
6120	0	0	0	3	7	0	6	0	7	8	
6130	0	0	0	3	7	0	6	0	7	8	
6140	0	0	0	3	7	0	6	0	7	8	
6150	0	0	0	3	7	0	6	0	7	8	
6160	0	0	0	3	7	0	6	0	7	8	
6170	0	0	0	3	7	0	6	0	7	8	
6180	0	0	0	3	7	0	6	0	7	8	
6190	0	0	0	3	7	0	6	0	7	8	
6200	0	0	0	3	7	0	6	0	7	8	
6210	0	0	0	3	7	0	6	0	7	8	
6220	0	0	0	3	7	0	6	0	7	8	
6230	0	0	0	3	7	0	6	0	7	8	
6240	0	0	0	3	7	0	6	0	7	8	
6250	0	0	0	3	7	0	6	0	7	8	
6260	0	0	0	3	7	0	6	0	7	8	
6270	0	0	0	3	7	0	6	0	7	8	
6280	0	0	0	3	7	0	6	0	7	8	
6290	0	0	0	3	7	0	6	0	7	8	
6300	0	0	0	3	7	0	6	0	7	8	
6310	0	0	0	3	7	0	6	0	7	8	
6320	0	0	0	3	7	0	6	0	7	8	
6330	0	0	0	3	7	0	6	0	7	8	
6340	0	0	0	3	7	0	6	0	7	8	
6350	0	0	0	3	7	0	6	0	7	8	
6360	0	0	0	3	7	0	6	0	7	8	
6370	0	0	0	3	7	0	6	0	7	8	
6380	0	0	0	3	7	0	6	0	7	8	
6390	3	0	0	0	0	0	6	0	9	8	
6400	3	0	0	0	0	0	6	0	9	8	
6410	8	0	0	0	0	3	6	0	9	0	
6420	8	0	0	0	3	3	6	0	9	0	
6430	8	0	0	0	3	3	6	0	9	0	
6440	1	0	0	0	3	3	6	0	9	0	
6450	1	0	0	0	3	3	6	0	9	0	
6460	1	0	0	0	3	3	6	0	9	0	
6470	1	0	0	0	3	3	6	0	9	0	
6480	1	0	0	0	3	3	6	0	9	0	
6490	3	1	0	0	3	0	6	0	9	0	
6500	6	1	0	0	3	0	0	3	9	0	
6510	6	1	0	0	3	0	0	3	9	0	
6520	1	1	0	6	3	0	0	3	0	0	
6530	1	1	0	6	3	0	0	3	0	0	
6540	1	1	0	6	3	0	0	3	0	0	
6550	0	1	0	6	3	0	0	3	1	0	
6560	0	1	0	6	3	0	0	3	1	0	
6570	0	1	0	6	3	0	0	3	1	0	
6580	0	1	0	6	3	0	0	3	1	0	
6590	0	1	0	6	3	0	0	3	1	0	
6600	0	1	0	6	3	0	0	3	1	0	
6610	0	1	0	7	3	0	0	3	1	0	
6620	0	1	0	7	3	0	0	3	1	0	
6630	0	1	0	7	3	0	0	3	1	0	
6640	0	1	0	7	3	0	0	3	1	0	
6650	0	1	0	7	3	0	0	3	1	0	
6660	0	1	0	7	3	0	0	3	1	0	
6670	0	1	0	7	3	0	0	3	1	0	
6680	0	1	0	7	3	0	0	3	1	0	
6690	0	1	0	7	3	0	0	3	1	0	
6700	0	1	0	7	3	0	0	3	1	0	
6710	0	2	0	7	3	0	0	3	1	0	
6720	0	2	0	7	3	0	0	3	1	0	
6730	0	2	0	7	3	0	0	3	1	0	
6740	0	2	0	7	3	0	0	3	1	0	
6750	0	2	0	7	3	0	0	3	1	0	
6760	0	2	0	7	3	0	0	3	1	0	
6770	0	2	0	7	3	0	0	3	1	0	
6780	0	2	0	7	3	0	0	3	1	0	
6790	7	2	0	0	0	0	0	4	1	0	
6800	7	2	0	0	0	0	0	4	1	0	
6810	2	0	0	0	0	7	0	4	1	0	
6820	2	0	0	0	7	7	0	4	1	0	
6830	2	0	0	0	7	7	0	4	1	0	
6840	1	0	0	2	7	7	0	4	0	0	
6850	7	1	0	2	7	0	0	4	0	0	
6860	4	1	0	2	7	0	0	0	7	0	
6870	4	1	0	2	7	0	0	0	7	0	
6880	0	1	0	2	7	0	4	0	7	0	
6890	0	1	0	2	7	0	4	0	7	0	
6900	0	1	0	2	7	0	4	0	7	0	
6910	0	1	0	2	7	0	6	0	7	0	
6920	0	1	0	2	7	0	6	0	7	0	
6930	0	1	0	3	7	0	6	0	7	0	
6940	0	1	0	3	7	0	6	0	7	0	
6950	0	1	0	3	7	0	6	0	7	0	
6960	0	1	0	3	7	0	6	0	7	0	
6970	0	1	0	3	7	0	6	0	7	0	
6980	0	1	0	3	7	0	6	0	7	0	
6990	0	1	0	3	7	0	6	0	7	0	
7000	0	1	0	3	7	0	6	0	7	0	
7010	0	1	0	3	7	0	6	0	7	0	
7020	0	1	0	3	7	0	6	0	7	0	
7030	0	1	0	3	7	0	6	0	7	0	
7040	0	1	0	3	7	0	6	0	7	0	
7050	0	1	0	3	7	0	6	0	7	0	
7060	0	2	0	3	7	0	6	0	7	0	
7070	0	2	0	3	7	0	6	0	7	0	
7080	0	2	0	3	7	0	6	0	7	0	
7090	0	2	0	3	7	0	6	0	7	0	
7100	0	2	0	3	7	0	6	0	7	0	
7110	0	2	0	3	7	0	6	0	7	0	
7120	0	2	0	3	7	0	6	0	7	0	
7130	0	2	0	3	7	0	6	0	7	0	
7140	0	2	0	3	7	0	6	0	7	0	
7150	0	2	0	3	7	0	6	0	7	0	
7160	0	2	0	3	7	0	6	0	7	0	
7170	3	2	0	0	0	0	6	0	8	0	
7180	3	2	0	0	0	0	6	0	8	0	
7190	2	0	0	0	0	3	6	0	8	0	
7200	2	0	0	0	3	3	6	0	8	0	
7210	2	0	0	0	3	3	6	0	8	0	
7220	3	0	0	2	3	0	6	0	8	0	
7230	0	0	0	2	3	0	6	3	8	0	
7240	0	0	0	2	3	0	6	3	8	0	
7250	0	0	0	2	3	0	6	3	8	0	
7260	0	0	0	2	3	0	6	3	8	0	
7270	0	0	0	2	3	0	6	3	8	0	
7280	0	0	0	2	3	0	6	3	8	0	
7290	0	0	0	2	3	0	6	3	8	0	
7300	0	0	0	2	3	0	6	3	8	0	
7310	0	0	0	3	3	0	6	3	8	0	
7320	0	0	0	3	3	0	6	3	8	0	
7330	0	0	0	3	3	0	6	3	8	0	
7340	0	0	0	3	3	0	6	3	8	0	
7350	0	0	0	3	3	0	6	3	8	0	
7360	0	0	0	3	3	0	6	3	8	0	
7370	0	0	0	3	3	0	6	3	8	0	
7380	0	0	0	3	3	0	6	3	8	0	
7390	0	0	0	3	3	0	6	3	8	0	
7400	0	0	0	3	3	0	6	3	8	0	
7410	0	0	0	3	3	0	6	3	8	0	
7420	0	0	0	3	3	0	6	3	8	0	
7430	0	0	0	3	3	0	6	3	8	0	
7440	0	0	0	3	3	0	6	3	8	0	
7450	0	0	0	3	3	0	6	3	8	0	
7460	0	0	0	3	3	0	6	3	8	0	
7470	0	0	0	3	3	0	6	3	8	0	
7480	0	0	0	3	3	0	6	3	8	0	
7490	0	0	0	3	3	0	6	3	8	0	
7500	0	0	0	3	3	0	6	3	8	0	
7510	0	0	0	3	3	0	6	3	8	0	
7520	0	0	0	3	3	0	6	3	8	0	
7530	0	0	0	3	3	0	6	3	8	0	
7540	0	0	0	3	3	0	6	3	8	0	
7550	0	0	0	3	3	0	6	3	8	0	
7560	0	0	0	3	3	0	6	3	8	0	
7570	0	0	0	3	3	0	6	3	8	0	
7580	3	0	0	0	0	0	6	4	8	0	
7590	3	0	0	0	0	0	6	4	8	0	
7600	8	0	0	0	0	3	6	4	0	0	
7610	8	0	0	0	3	3	6	4	0	0	
7620	8	0	0	0	3	3	6	4	0	0	
7630	1	0	0	0	3	3	6	4	0	0	
7640	1	0	0	0	3	3	6	4	0	0	
7650	1	0	0	0	3	3	6	4	0	0	
7660	1	0	0	0	3	3	6	4	0	0	
7670	1	0	0	0	3	3	6	4	0	0	
7680	3	1	0	0	3	0	6	4	0	0	
7690	6	1	0	0	3	0	0	4	3	0	
7700	6	1	0	0	3	0	0	4	3	0	
7710	4	1	0	6	3	0	0	0	3	0	
7720	4	1	0	6	3	0	0	0	3	0	
7730	0	1	0	6	3	0	4	0	3	0	
7740	0	1	0	6	3	0	4	0	3	0	
7750	0	1	0	6	3	0	4	0	3	0	
7760	0	1	0	6	3	0	6	0	3	0	
7770	0	1	0	6	3	0	6	0	3	0	
7780	0	1	0	6	3	0	6	0	3	0	
7790	0	1	0	6	3	0	6	0	3	0	
7800	0	1	0	7	3	0	6	0	3	0	
7810	0	1	0	7	3	0	6	0	3	0	
7820	0	1	0	7	3	0	6	0	3	0	
7830	0	1	0	7	3	0	6	0	3	0	
7840	0	1	0	7	3	0	6	0	3	0	
7850	0	1	0	7	3	0	6	0	3	0	
7860	0	1	0	7	3	0	6	0	3	0	
7870	0	1	0	7	3	0	6	0	3	0	
7880	0	1	0	7	3	0	6	0	3	0	
7890	0	1	0	7	3	0	6	0	3	0	
7900	0	2	0	7	3	0	6	0	3	0	
7910	0	2	0	7	3	0	6	0	3	0	
7920	0	2	0	7	3	0	6	0	3	0	
7930	0	2	0	7	3	0	6	0	3	0	
7940	0	2	0	7	3	0	6	0	3	0	
7950	0	2	0	7	3	0	6	0	3	0	
7960	0	2	0	7	3	0	6	0	3	0	
7970	7	2	0	0	0	0	6	0	4	0	
7980	7	2	0	0	0	0	6	0	4	0	
7990	2	0	0	0	0	7	6	0	4	0	
8000	2	0	0	0	7	7	6	0	4	0	
8010	2	0	0	0	7	7	6	0	4	0	
8020	7	0	0	2	7	0	6	0	4	0	
8030	0	0	0	2	7	0	6	7	4	0	
8040	0	0	0	2	7	0	6	7	4	0	
8050	0	0	0	2	7	0	6	7	4	0	
8060	0	0	0	2	7	0	6	7	4	0	
8070	0	0	0	2	7	0	6	7	4	0	
8080	0	0	0	2	7	0	6	7	4	0	
8090	0	0	0	2	7	0	6	7	4	0	
8100	0	0	0	2	7	0	6	7	4	0	
8110	0	0	0	3	7	0	6	7	4	0	
8120	0	0	0	3	7	0	6	7	4	0	
8130	0	0	0	3	7	0	6	7	4	0	
8140	0	0	0	3	7	0	6	7	4	0	
8150	0	0	0	3	7	0	6	7	4	0	
8160	0	0	0	3	7	0	6	7	4	0	
8170	0	0	0	3	7	0	6	7	4	0	
8180	0	0	0	3	7	0	6	7	4	0	
8190	0	0	0	3	7	0	6	7	4	0	
8200	0	0	0	3	7	0	6	7	4	0	
8210	0	0	0	3	7	0	6	7	4	0	
8220	0	0	0	3	7	0	6	7	4	0	
8230	0	0	0	3	7	0	6	7	4	0	
8240	0	0	0	3	7	0	6	7	4	0	
8250	0	0	0	3	7	0	6	7	4	0	
8260	0	0	0	3	7	0	6	7	4	0	
8270	0	0	0	3	7	0	6	7	4	0	
8280	0	0	0	3	7	0	6	7	4	0	
8290	0	0	0	3	7	0	6	7	4	0	
8300	0	0	0	3	7	0	6	7	4	0	
8310	0	0	0	3	7	0	6	7	4	0	
8320	0	0	0	3	7	0	6	7	4	0	
8330	0	0	0	3	7	0	6	7	4	0	
8340	0	0	0	3	7	0	6	7	4	0	
8350	0	0	0	3	7	0	6	7	4	0	
8360	0	0	0	3	7	0	6	7	4	0	
8370	0	0	0	3	7	0	6	7	4	0	
8380	3	0	0	0	0	0	6	8	4	0	
8390	3	0	0	0	0	0	6	8	4	0	
8400	8	0	0	0	0	3	6	0	4	0	
8410	8	0	0	0	3	3	6	0	4	0	
8420	8	0	0	0	3	3	6	0	4	0	
8430	1	0	0	0	3	3	6	0	4	0	
8440	1	0	0	0	3	3	6	0	4	0	
8450	1	0	0	0	3	3	6	0	4	0	
8460	1	0	0	0	3	3	6	0	4	0	
8470	1	0	0	0	3	3	6	0	4	0	
8480	3	1	0	0	3	0	6	0	4	0	
8490	6	1	0	0	3	0	0	3	4	0	
8500	6	1	0	0	3	0	0	3	4	0	
8510	4	1	0	6	3	0	0	3	0	0	
8520	4	1	0	6	3	0	0	3	0	0	
8530	0	1	0	6	3	0	4	3	0	0	
8540	0	1	0	6	3	0	4	3	0	0	
8550	0	1	0	6	3	0	4	3	0	0	
8560	0	1	0	6	3	0	6	3	0	0	
8570	0	1	0	6	3	0	6	3	0	0	
8580	0	1	0	6	3	0	6	3	0	0	
8590	0	1	0	6	3	0	6	3	0	0	
8600	0	1	0	7	3	0	6	3	0	0	
8610	0	1	0	7	3	0	6	3	0	0	
8620	0	1	0	7	3	0	6	3	0	0	
8630	0	1	0	7	3	0	6	3	0	0	
