time	manip	gran	press	averat	laba	proba	StZn	cell_1	cell_2	cell_3
10	0	1	0	4	2	0	0	2	0	3	
20	0	1	0	4	2	0	0	2	0	3	
30	0	1	0	4	2	0	0	2	0	3	
40	0	1	0	4	2	0	0	2	0	3	
50	0	1	0	4	2	0	0	2	0	3	
60	0	1	0	4	2	0	0	2	0	3	
70	0	1	0	4	2	0	0	2	0	3	
80	0	1	0	4	2	0	0	2	0	3	
90	0	1	0	4	2	0	0	2	0	3	
100	0	1	0	4	2	0	0	2	0	3	
110	0	1	0	4	2	0	0	2	0	3	
120	0	1	0	4	2	0	0	2	0	3	
130	0	1	0	4	2	0	0	2	0	3	
140	0	1	0	4	2	0	0	2	0	3	
150	0	1	0	4	2	0	0	2	0	3	
160	0	1	0	4	2	0	0	2	0	3	
170	0	1	0	4	2	0	0	2	0	3	
180	0	1	0	4	2	0	0	2	0	3	
190	0	1	0	4	2	0	0	2	0	3	
200	0	1	0	4	2	0	0	2	0	3	
210	0	1	0	4	2	0	0	2	0	3	
220	0	1	0	4	2	0	0	2	0	3	
230	0	1	0	4	2	0	0	2	0	3	
240	0	1	0	4	2	0	0	2	0	3	
250	0	1	0	4	2	0	0	2	0	3	
260	0	1	0	4	2	0	0	2	0	3	
270	0	1	0	4	2	0	0	2	0	3	
280	0	1	0	4	2	0	0	2	0	3	
290	0	1	0	4	2	0	0	2	0	3	
300	0	1	0	4	2	0	0	2	0	3	
310	0	1	0	4	2	0	0	2	0	3	
320	0	1	0	4	2	0	0	2	0	3	
330	0	1	0	4	2	0	0	2	0	3	
340	0	1	0	4	2	0	0	2	0	3	
350	0	1	0	4	2	0	0	2	0	3	
360	0	1	0	4	2	0	0	2	0	3	
370	0	1	0	4	2	0	0	2	0	3	
380	4	1	0	0	0	0	0	2	0	3	
390	4	1	0	0	0	0	0	2	0	3	
400	1	0	0	0	0	4	0	2	0	3	
410	1	0	0	0	4	4	0	2	0	3	
420	1	0	0	0	4	4	0	2	0	3	
430	4	0	0	1	4	0	0	2	0	3	
440	2	0	0	1	4	0	0	0	4	3	
450	2	0	0	1	4	0	0	0	4	3	
460	0	0	0	1	4	0	2	0	4	3	
470	0	0	0	1	4	0	2	0	4	3	
480	0	0	0	1	4	0	2	0	4	3	
490	0	0	0	1	4	0	2	0	4	3	
500	0	0	0	1	4	0	2	0	4	3	
510	0	0	0	1	4	0	2	0	4	3	
520	0	0	0	1	4	0	2	0	4	3	
530	0	0	0	1	4	0	2	0	4	3	
540	0	0	0	1	4	0	2	0	4	3	
550	0	0	0	1	4	0	2	0	4	3	
560	0	0	0	1	4	0	2	0	4	3	
570	0	0	0	1	4	0	2	0	4	3	
580	0	0	0	1	4	0	2	0	4	3	
590	0	0	0	1	4	0	2	0	4	3	
600	0	0	0	1	4	0	2	0	4	3	
610	0	0	0	1	4	0	2	0	4	3	
620	0	0	0	1	4	0	2	0	4	3	
630	0	0	0	1	4	0	2	0	4	3	
640	0	0	0	1	4	0	2	0	4	3	
650	0	0	0	1	4	0	2	0	4	3	
660	0	0	0	1	4	0	2	0	4	3	
670	0	0	0	1	4	0	2	0	4	3	
680	0	0	0	1	4	0	2	0	4	3	
690	0	0	0	1	4	0	2	0	4	3	
700	0	0	0	1	4	0	2	0	4	3	
710	0	0	0	1	4	0	2	0	4	3	
720	0	0	0	1	4	0	2	0	4	3	
730	0	0	0	1	4	0	2	0	4	3	
740	0	0	0	1	4	0	2	0	4	3	
750	0	0	0	1	4	0	2	0	4	3	
760	0	0	0	1	4	0	2	0	4	3	
770	0	0	0	1	4	0	2	0	4	3	
780	1	0	0	0	0	0	2	0	4	3	
790	1	0	0	0	0	0	2	0	4	3	
800	4	0	0	0	0	1	2	0	0	3	
810	4	0	0	0	1	1	2	0	0	3	
820	4	0	0	0	1	1	2	0	0	3	
830	4	0	0	0	1	1	2	0	0	3	
840	4	0	0	0	1	1	2	0	0	3	
850	4	0	0	0	1	1	2	0	0	3	
860	4	0	0	0	1	1	2	0	0	3	
870	4	0	0	0	1	1	2	0	0	3	
880	1	4	0	0	1	0	2	0	0	3	
890	2	4	0	0	1	0	0	1	0	3	
900	2	4	0	0	1	0	0	1	0	3	
910	0	4	0	2	1	0	0	1	0	3	
920	0	4	0	2	1	0	0	1	0	3	
930	0	4	0	2	1	0	0	1	0	3	
940	0	4	0	2	1	0	0	1	0	3	
950	0	4	0	2	1	0	0	1	0	3	
960	0	4	0	2	1	0	0	1	0	3	
970	0	4	0	2	1	0	0	1	0	3	
980	0	4	0	2	1	0	0	1	0	3	
990	0	4	0	2	1	0	0	1	0	3	
1000	0	4	0	2	1	0	0	1	0	3	
1010	0	4	0	2	1	0	0	1	0	3	
1020	0	4	0	2	1	0	0	1	0	3	
1030	0	4	0	2	1	0	0	1	0	3	
1040	0	4	0	2	1	0	0	1	0	3	
1050	0	4	0	2	1	0	0	1	0	3	
1060	0	4	0	2	1	0	0	1	0	3	
1070	0	4	0	2	1	0	0	1	0	3	
1080	0	4	0	2	1	0	0	1	0	3	
1090	0	4	0	2	1	0	0	1	0	3	
1100	0	4	0	2	1	0	0	1	0	3	
1110	0	4	0	2	1	0	0	1	0	3	
1120	0	4	0	2	1	0	0	1	0	3	
1130	0	4	0	2	1	0	0	1	0	3	
1140	0	4	0	2	1	0	0	1	0	3	
1150	0	4	0	2	1	0	0	1	0	3	
1160	0	4	0	2	1	0	0	1	0	3	
1170	2	4	0	0	0	0	0	1	0	3	
1180	2	4	0	0	0	0	0	1	0	3	
1190	4	0	0	0	0	2	0	1	0	3	
1200	4	0	0	0	2	2	0	1	0	3	
1210	4	0	0	0	2	2	0	1	0	3	
1220	2	0	0	4	2	0	0	1	0	3	
1230	1	0	0	4	2	0	0	0	2	3	
1240	1	0	0	4	2	0	0	0	2	3	
1250	0	0	0	4	2	0	1	0	2	3	
1260	0	0	0	4	2	0	1	0	2	3	
1270	0	0	0	4	2	0	1	0	2	3	
1280	0	0	0	4	2	0	1	0	2	3	
1290	0	0	0	4	2	0	1	0	2	3	
1300	0	0	0	4	2	0	1	0	2	3	
1310	0	0	0	4	2	0	1	0	2	3	
1320	0	0	0	4	2	0	1	0	2	3	
1330	0	0	0	4	2	0	1	0	2	3	
1340	0	0	0	4	2	0	1	0	2	3	
1350	0	0	0	4	2	0	1	0	2	3	
1360	0	0	0	4	2	0	1	0	2	3	
1370	0	0	0	4	2	0	1	0	2	3	
1380	0	0	0	4	2	0	1	0	2	3	
1390	0	0	0	4	2	0	1	0	2	3	
1400	0	0	0	4	2	0	1	0	2	3	
1410	0	0	0	4	2	0	1	0	2	3	
1420	0	0	0	4	2	0	1	0	2	3	
1430	0	0	0	4	2	0	1	0	2	3	
1440	0	0	0	4	2	0	1	0	2	3	
1450	0	0	0	4	2	0	1	0	2	3	
1460	0	0	0	4	2	0	1	0	2	3	
1470	0	0	0	4	2	0	1	0	2	3	
1480	0	0	0	4	2	0	1	0	2	3	
1490	0	0	0	4	2	0	1	0	2	3	
1500	0	0	0	4	2	0	1	0	2	3	
1510	0	0	0	4	2	0	1	0	2	3	
1520	0	0	0	4	2	0	1	0	2	3	
1530	0	0	0	4	2	0	1	0	2	3	
1540	0	0	0	4	2	0	1	0	2	3	
1550	0	0	0	4	2	0	1	0	2	3	
1560	0	0	0	4	2	0	1	0	2	3	
1570	0	0	0	4	2	0	1	0	2	3	
1580	0	0	0	4	2	0	1	0	2	3	
1590	4	0	0	0	0	0	1	0	2	3	
1600	4	0	0	0	0	0	1	0	2	3	
1610	2	0	0	0	0	4	1	0	0	3	
1620	2	0	0	0	4	4	1	0	0	3	
1630	2	0	0	0	4	4	1	0	0	3	
1640	2	0	0	0	4	4	1	0	0	3	
1650	2	0	0	0	4	4	1	0	0	3	
1660	2	0	0	0	4	4	1	0	0	3	
1670	2	0	0	0	4	4	1	0	0	3	
1680	2	0	0	0	4	4	1	0	0	3	
1690	4	2	0	0	4	0	1	0	0	3	
1700	1	2	0	0	4	0	0	4	0	3	
1710	1	2	0	0	4	0	0	4	0	3	
1720	0	2	0	1	4	0	0	4	0	3	
1730	0	2	0	1	4	0	0	4	0	3	
1740	0	2	0	1	4	0	0	4	0	3	
1750	0	2	0	1	4	0	0	4	0	3	
1760	0	2	0	1	4	0	0	4	0	3	
1770	0	2	0	1	4	0	0	4	0	3	
1780	0	2	0	1	4	0	0	4	0	3	
1790	0	2	0	1	4	0	0	4	0	3	
1800	0	2	0	1	4	0	0	4	0	3	
1810	0	2	0	1	4	0	0	4	0	3	
1820	0	2	0	1	4	0	0	4	0	3	
1830	0	2	0	1	4	0	0	4	0	3	
1840	0	2	0	1	4	0	0	4	0	3	
1850	0	2	0	1	4	0	0	4	0	3	
1860	0	2	0	1	4	0	0	4	0	3	
1870	0	2	0	1	4	0	0	4	0	3	
1880	0	2	0	1	4	0	0	4	0	3	
1890	0	2	0	1	4	0	0	4	0	3	
1900	0	2	0	1	4	0	0	4	0	3	
1910	0	2	0	1	4	0	0	4	0	3	
1920	0	2	0	1	4	0	0	4	0	3	
1930	0	2	0	1	4	0	0	4	0	3	
1940	0	2	0	1	4	0	0	4	0	3	
1950	0	2	0	1	4	0	0	4	0	3	
1960	0	2	0	1	4	0	0	4	0	3	
1970	0	2	0	1	4	0	0	4	0	3	
1980	0	2	0	1	4	0	0	4	0	3	
1990	1	2	0	0	0	0	0	4	0	3	
2000	1	2	0	0	0	0	0	4	0	3	
2010	2	0	0	0	0	1	0	4	0	3	
2020	2	0	0	0	1	1	0	4	0	3	
2030	2	0	0	0	1	1	0	4	0	3	
2040	1	0	0	2	1	0	0	4	0	3	
2050	4	0	0	2	1	0	0	0	1	3	
2060	4	0	0	2	1	0	0	0	1	3	
2070	0	0	0	2	1	0	4	0	1	3	
2080	0	0	0	2	1	0	4	0	1	3	
2090	0	0	0	2	1	0	4	0	1	3	
2100	0	0	0	2	1	0	4	0	1	3	
2110	0	0	0	2	1	0	4	0	1	3	
2120	0	0	0	2	1	0	4	0	1	3	
2130	0	0	0	2	1	0	4	0	1	3	
2140	0	0	0	2	1	0	4	0	1	3	
2150	0	0	0	2	1	0	4	0	1	3	
2160	0	0	0	2	1	0	4	0	1	3	
2170	0	0	0	2	1	0	4	0	1	3	
2180	0	0	0	2	1	0	4	0	1	3	
2190	0	0	0	2	1	0	4	0	1	3	
2200	0	0	0	2	1	0	4	0	1	3	
2210	0	0	0	2	1	0	4	0	1	3	
2220	0	0	0	2	1	0	4	0	1	3	
2230	0	0	0	2	1	0	4	0	1	3	
2240	0	0	0	2	1	0	4	0	1	3	
2250	0	0	0	2	1	0	4	0	1	3	
2260	0	0	0	2	1	0	4	0	1	3	
2270	0	0	0	2	1	0	4	0	1	3	
2280	0	0	0	2	1	0	4	0	1	3	
2290	0	0	0	2	1	0	4	0	1	3	
2300	0	0	0	2	1	0	4	0	1	3	
2310	0	0	0	2	1	0	4	0	1	3	
2320	0	0	0	2	1	0	4	0	1	3	
2330	0	0	0	2	1	0	4	0	1	3	
2340	0	0	0	2	1	0	4	0	1	3	
2350	0	0	0	2	1	0	4	0	1	3	
2360	0	0	0	2	1	0	4	0	1	3	
2370	0	0	0	2	1	0	4	0	1	3	
2380	2	0	0	0	0	0	4	0	1	3	
2390	2	0	0	0	0	0	4	0	1	3	
2400	1	0	0	0	0	2	4	0	0	3	
2410	1	0	0	0	2	2	4	0	0	3	
2420	1	0	0	0	2	2	4	0	0	3	
2430	1	0	0	0	2	2	4	0	0	3	
2440	1	0	0	0	2	2	4	0	0	3	
2450	1	0	0	0	2	2	4	0	0	3	
2460	1	0	0	0	2	2	4	0	0	3	
2470	1	0	0	0	2	2	4	0	0	3	
2480	2	1	0	0	2	0	4	0	0	3	
2490	4	1	0	0	2	0	0	2	0	3	
2500	4	1	0	0	2	0	0	2	0	3	
2510	0	1	0	4	2	0	0	2	0	3	
2520	0	1	0	4	2	0	0	2	0	3	
2530	0	1	0	4	2	0	0	2	0	3	
2540	0	1	0	4	2	0	0	2	0	3	
2550	0	1	0	4	2	0	0	2	0	3	
2560	0	1	0	4	2	0	0	2	0	3	
2570	0	1	0	4	2	0	0	2	0	3	
2580	0	1	0	4	2	0	0	2	0	3	
2590	0	1	0	4	2	0	0	2	0	3	
2600	0	1	0	4	2	0	0	2	0	3	
2610	0	1	0	4	2	0	0	2	0	3	
2620	0	1	0	4	2	0	0	2	0	3	
2630	0	1	0	4	2	0	0	2	0	3	
2640	0	1	0	4	2	0	0	2	0	3	
2650	0	1	0	4	2	0	0	2	0	3	
2660	0	1	0	4	2	0	0	2	0	3	
2670	0	1	0	4	2	0	0	2	0	3	
2680	0	1	0	4	2	0	0	2	0	3	
2690	0	1	0	4	2	0	0	2	0	3	
2700	0	1	0	4	2	0	0	2	0	3	
2710	0	1	0	4	2	0	0	2	0	3	
2720	0	1	0	4	2	0	0	2	0	3	
2730	0	1	0	4	2	0	0	2	0	3	
2740	0	1	0	4	2	0	0	2	0	3	
2750	0	1	0	4	2	0	0	2	0	3	
2760	0	1	0	4	2	0	0	2	0	3	
2770	0	1	0	4	2	0	0	2	0	3	
2780	0	1	0	4	2	0	0	2	0	3	
2790	0	1	0	4	2	0	0	2	0	3	
2800	4	1	0	0	0	0	0	2	0	3	
2810	4	1	0	0	0	0	0	2	0	3	
2820	1	0	0	0	0	4	0	2	0	3	
2830	1	0	0	0	4	4	0	2	0	3	
2840	1	0	0	0	4	4	0	2	0	3	
2850	4	0	0	1	4	0	0	2	0	3	
2860	2	0	0	1	4	0	0	0	4	3	
2870	2	0	0	1	4	0	0	0	4	3	
2880	0	0	0	1	4	0	2	0	4	3	
2890	0	0	0	1	4	0	2	0	4	3	
2900	0	0	0	1	4	0	2	0	4	3	
2910	0	0	0	1	4	0	2	0	4	3	
2920	0	0	0	1	4	0	2	0	4	3	
2930	0	0	0	1	4	0	2	0	4	3	
2940	0	0	0	1	4	0	2	0	4	3	
2950	0	0	0	1	4	0	2	0	4	3	
2960	0	0	0	1	4	0	2	0	4	3	
2970	0	0	0	1	4	0	2	0	4	3	
2980	0	0	0	1	4	0	2	0	4	3	
2990	0	0	0	1	4	0	2	0	4	3	
3000	0	0	0	1	4	0	2	0	4	3	
3010	0	0	0	1	4	0	2	0	4	3	
3020	0	0	0	1	4	0	2	0	4	3	
3030	0	0	0	1	4	0	2	0	4	3	
3040	0	0	0	1	4	0	2	0	4	3	
3050	0	0	0	1	4	0	2	0	4	3	
3060	0	0	0	1	4	0	2	0	4	3	
3070	0	0	0	1	4	0	2	0	4	3	
3080	0	0	0	1	4	0	2	0	4	3	
3090	0	0	0	1	4	0	2	0	4	3	
3100	0	0	0	1	4	0	2	0	4	3	
3110	0	0	0	1	4	0	2	0	4	3	
3120	0	0	0	1	4	0	2	0	4	3	
3130	0	0	0	1	4	0	2	0	4	3	
3140	0	0	0	1	4	0	2	0	4	3	
3150	0	0	0	1	4	0	2	0	4	3	
3160	0	0	0	1	4	0	2	0	4	3	
3170	0	0	0	1	4	0	2	0	4	3	
3180	0	0	0	1	4	0	2	0	4	3	
3190	1	0	0	0	0	0	2	0	4	3	
3200	1	0	0	0	0	0	2	0	4	3	
3210	4	0	0	0	0	1	2	0	0	3	
3220	4	0	0	0	1	1	2	0	0	3	
3230	4	0	0	0	1	1	2	0	0	3	
3240	4	0	0	0	1	1	2	0	0	3	
3250	4	0	0	0	1	1	2	0	0	3	
3260	4	0	0	0	1	1	2	0	0	3	
3270	4	0	0	0	1	1	2	0	0	3	
3280	4	0	0	0	1	1	2	0	0	3	
3290	1	4	0	0	1	0	2	0	0	3	
3300	2	4	0	0	1	0	0	1	0	3	
3310	2	4	0	0	1	0	0	1	0	3	
3320	0	4	0	2	1	0	0	1	0	3	
3330	0	4	0	2	1	0	0	1	0	3	
3340	0	4	0	2	1	0	0	1	0	3	
3350	0	4	0	2	1	0	0	1	0	3	
3360	0	4	0	2	1	0	0	1	0	3	
3370	0	4	0	2	1	0	0	1	0	3	
3380	0	4	0	2	1	0	0	1	0	3	
3390	0	4	0	2	1	0	0	1	0	3	
3400	0	4	0	2	1	0	0	1	0	3	
3410	0	4	0	2	1	0	0	1	0	3	
3420	0	4	0	2	1	0	0	1	0	3	
3430	0	4	0	2	1	0	0	1	0	3	
3440	0	4	0	2	1	0	0	1	0	3	
3450	0	4	0	2	1	0	0	1	0	3	
3460	0	4	0	2	1	0	0	1	0	3	
3470	0	4	0	2	1	0	0	1	0	3	
3480	0	4	0	2	1	0	0	1	0	3	
3490	0	4	0	2	1	0	0	1	0	3	
3500	0	4	0	2	1	0	0	1	0	3	
3510	0	4	0	2	1	0	0	1	0	3	
3520	0	4	0	2	1	0	0	1	0	3	
3530	0	4	0	2	1	0	0	1	0	3	
3540	0	4	0	2	1	0	0	1	0	3	
3550	0	4	0	2	1	0	0	1	0	3	
3560	0	4	0	2	1	0	0	1	0	3	
3570	0	4	0	2	1	0	0	1	0	3	
3580	0	4	0	2	1	0	0	1	0	3	
3590	0	4	0	2	1	0	0	1	0	3	
3600	0	4	0	2	1	0	0	1	0	3	
3610	2	4	0	0	0	0	0	1	0	3	
3620	2	4	0	0	0	0	0	1	0	3	
3630	4	0	0	0	0	2	0	1	0	3	
3640	4	0	0	0	2	2	0	1	0	3	
3650	4	0	0	0	2	2	0	1	0	3	
3660	2	0	0	4	2	0	0	1	0	3	
3670	1	0	0	4	2	0	0	0	2	3	
3680	1	0	0	4	2	0	0	0	2	3	
3690	0	0	0	4	2	0	1	0	2	3	
3700	0	0	0	4	2	0	1	0	2	3	
3710	0	0	0	4	2	0	1	0	2	3	
3720	0	0	0	4	2	0	1	0	2	3	
3730	0	0	0	4	2	0	1	0	2	3	
3740	0	0	0	4	2	0	1	0	2	3	
3750	0	0	0	4	2	0	1	0	2	3	
3760	0	0	0	4	2	0	1	0	2	3	
3770	0	0	0	4	2	0	1	0	2	3	
3780	0	0	0	4	2	0	1	0	2	3	
3790	0	0	0	4	2	0	1	0	2	3	
3800	0	0	0	4	2	0	1	0	2	3	
3810	0	0	0	4	2	0	1	0	2	3	
3820	0	0	0	4	2	0	1	0	2	3	
3830	0	0	0	4	2	0	1	0	2	3	
3840	0	0	0	4	2	0	1	0	2	3	
3850	0	0	0	4	2	0	1	0	2	3	
3860	0	0	0	4	2	0	1	0	2	3	
3870	0	0	0	4	2	0	1	0	2	3	
3880	0	0	0	4	2	0	1	0	2	3	
3890	0	0	0	4	2	0	1	0	2	3	
3900	0	0	0	4	2	0	1	0	2	3	
3910	0	0	0	4	2	0	1	0	2	3	
3920	0	0	0	4	2	0	1	0	2	3	
3930	0	0	0	4	2	0	1	0	2	3	
3940	0	0	0	4	2	0	1	0	2	3	
3950	0	0	0	4	2	0	1	0	2	3	
3960	0	0	0	4	2	0	1	0	2	3	
3970	0	0	0	4	2	0	1	0	2	3	
3980	0	0	0	4	2	0	1	0	2	3	
3990	4	0	0	0	0	0	1	0	2	3	
4000	4	0	0	0	0	0	1	0	2	3	
4010	2	0	0	0	0	4	1	0	0	3	
4020	2	0	0	0	4	4	1	0	0	3	
4030	2	0	0	0	4	4	1	0	0	3	
4040	2	0	0	0	4	4	1	0	0	3	
4050	2	0	0	0	4	4	1	0	0	3	
4060	2	0	0	0	4	4	1	0	0	3	
4070	2	0	0	0	4	4	1	0	0	3	
4080	2	0	0	0	4	4	1	0	0	3	
4090	4	2	0	0	4	0	1	0	0	3	
4100	1	2	0	0	4	0	0	4	0	3	
4110	1	2	0	0	4	0	0	4	0	3	
4120	0	2	0	1	4	0	0	4	0	3	
4130	0	2	0	1	4	0	0	4	0	3	
4140	0	2	0	1	4	0	0	4	0	3	
4150	0	2	0	1	4	0	0	4	0	3	
4160	0	2	0	1	4	0	0	4	0	3	
4170	0	2	0	1	4	0	0	4	0	3	
4180	0	2	0	1	4	0	0	4	0	3	
4190	0	2	0	1	4	0	0	4	0	3	
4200	0	2	0	1	4	0	0	4	0	3	
4210	0	2	0	1	4	0	0	4	0	3	
4220	0	2	0	1	4	0	0	4	0	3	
4230	0	2	0	1	4	0	0	4	0	3	
4240	0	2	0	1	4	0	0	4	0	3	
4250	0	2	0	1	4	0	0	4	0	3	
4260	0	2	0	1	4	0	0	4	0	3	
4270	0	2	0	1	4	0	0	4	0	3	
4280	0	2	0	1	4	0	0	4	0	3	
4290	0	2	0	1	4	0	0	4	0	3	
4300	0	2	0	1	4	0	0	4	0	3	
4310	0	2	0	1	4	0	0	4	0	3	
4320	0	2	0	1	4	0	0	4	0	3	
4330	0	2	0	1	4	0	0	4	0	3	
4340	0	2	0	1	4	0	0	4	0	3	
4350	0	2	0	1	4	0	0	4	0	3	
4360	0	2	0	1	4	0	0	4	0	3	
4370	0	2	0	1	4	0	0	4	0	3	
4380	1	2	0	0	0	0	0	4	0	3	
4390	1	2	0	0	0	0	0	4	0	3	
4400	2	0	0	0	0	1	0	4	0	3	
4410	2	0	0	0	1	1	0	4	0	3	
4420	2	0	0	0	1	1	0	4	0	3	
4430	1	0	0	2	1	0	0	4	0	3	
4440	4	0	0	2	1	0	0	0	1	3	
4450	4	0	0	2	1	0	0	0	1	3	
4460	0	0	0	2	1	0	4	0	1	3	
4470	0	0	0	2	1	0	4	0	1	3	
4480	0	0	0	2	1	0	4	0	1	3	
4490	0	0	0	2	1	0	4	0	1	3	
4500	0	0	0	2	1	0	4	0	1	3	
4510	0	0	0	2	1	0	4	0	1	3	
4520	0	0	0	2	1	0	4	0	1	3	
4530	0	0	0	2	1	0	4	0	1	3	
4540	0	0	0	2	1	0	4	0	1	3	
4550	0	0	0	2	1	0	4	0	1	3	
4560	0	0	0	2	1	0	4	0	1	3	
4570	0	0	0	2	1	0	4	0	1	3	
4580	0	0	0	2	1	0	4	0	1	3	
4590	0	0	0	2	1	0	4	0	1	3	
4600	0	0	0	2	1	0	4	0	1	3	
4610	0	0	0	2	1	0	4	0	1	3	
4620	0	0	0	2	1	0	4	0	1	3	
4630	0	0	0	2	1	0	4	0	1	3	
4640	0	0	0	2	1	0	4	0	1	3	
4650	0	0	0	2	1	0	4	0	1	3	
4660	0	0	0	2	1	0	4	0	1	3	
4670	0	0	0	2	1	0	4	0	1	3	
4680	0	0	0	2	1	0	4	0	1	3	
4690	0	0	0	2	1	0	4	0	1	3	
4700	0	0	0	2	1	0	4	0	1	3	
4710	0	0	0	2	1	0	4	0	1	3	
4720	0	0	0	2	1	0	4	0	1	3	
4730	0	0	0	2	1	0	4	0	1	3	
4740	0	0	0	2	1	0	4	0	1	3	
4750	0	0	0	2	1	0	4	0	1	3	
4760	0	0	0	2	1	0	4	0	1	3	
4770	0	0	0	2	1	0	4	0	1	3	
4780	2	0	0	0	0	0	4	0	1	3	
4790	2	0	0	0	0	0	4	0	1	3	
4800	1	0	0	0	0	2	4	0	0	3	
4810	1	0	0	0	2	2	4	0	0	3	
4820	1	0	0	0	2	2	4	0	0	3	
4830	1	0	0	0	2	2	4	0	0	3	
4840	1	0	0	0	2	2	4	0	0	3	
4850	1	0	0	0	2	2	4	0	0	3	
4860	1	0	0	0	2	2	4	0	0	3	
4870	1	0	0	0	2	2	4	0	0	3	
4880	2	1	0	0	2	0	4	0	0	3	
4890	4	1	0	0	2	0	0	2	0	3	
4900	4	1	0	0	2	0	0	2	0	3	
4910	0	1	0	4	2	0	0	2	0	3	
4920	0	1	0	4	2	0	0	2	0	3	
4930	0	1	0	4	2	0	0	2	0	3	
4940	0	1	0	4	2	0	0	2	0	3	
4950	0	1	0	4	2	0	0	2	0	3	
4960	0	1	0	4	2	0	0	2	0	3	
4970	0	1	0	4	2	0	0	2	0	3	
4980	0	1	0	4	2	0	0	2	0	3	
4990	0	1	0	4	2	0	0	2	0	3	
5000	0	1	0	4	2	0	0	2	0	3	
5010	0	1	0	4	2	0	0	2	0	3	
5020	0	1	0	4	2	0	0	2	0	3	
5030	0	1	0	4	2	0	0	2	0	3	
5040	0	1	0	4	2	0	0	2	0	3	
5050	0	1	0	4	2	0	0	2	0	3	
5060	0	1	0	4	2	0	0	2	0	3	
5070	0	1	0	4	2	0	0	2	0	3	
5080	0	1	0	4	2	0	0	2	0	3	
5090	0	1	0	4	2	0	0	2	0	3	
5100	0	1	0	4	2	0	0	2	0	3	
5110	0	1	0	4	2	0	0	2	0	3	
5120	0	1	0	4	2	0	0	2	0	3	
5130	0	1	0	4	2	0	0	2	0	3	
5140	0	1	0	4	2	0	0	2	0	3	
5150	0	1	0	4	2	0	0	2	0	3	
5160	0	1	0	4	2	0	0	2	0	3	
5170	0	1	0	4	2	0	0	2	0	3	
5180	4	1	0	0	0	0	0	2	0	3	
5190	4	1	0	0	0	0	0	2	0	3	
5200	1	0	0	0	0	4	0	2	0	3	
5210	1	0	0	0	4	4	0	2	0	3	
5220	1	0	0	0	4	4	0	2	0	3	
5230	4	0	0	1	4	0	0	2	0	3	
5240	2	0	0	1	4	0	0	0	4	3	
5250	2	0	0	1	4	0	0	0	4	3	
5260	0	0	0	1	4	0	2	0	4	3	
5270	0	0	0	1	4	0	2	0	4	3	
5280	0	0	0	1	4	0	2	0	4	3	
5290	0	0	0	1	4	0	2	0	4	3	
5300	0	0	0	1	4	0	2	0	4	3	
5310	0	0	0	1	4	0	2	0	4	3	
5320	0	0	0	1	4	0	2	0	4	3	
5330	0	0	0	1	4	0	2	0	4	3	
5340	0	0	0	1	4	0	2	0	4	3	
5350	0	0	0	1	4	0	2	0	4	3	
5360	0	0	0	1	4	0	2	0	4	3	
5370	0	0	0	1	4	0	2	0	4	3	
5380	0	0	0	1	4	0	2	0	4	3	
5390	0	0	0	1	4	0	2	0	4	3	
5400	0	0	0	1	4	0	2	0	4	3	
5410	0	0	0	1	4	0	2	0	4	3	
5420	0	0	0	1	4	0	2	0	4	3	
5430	0	0	0	1	4	0	2	0	4	3	
5440	0	0	0	1	4	0	2	0	4	3	
5450	0	0	0	1	4	0	2	0	4	3	
5460	0	0	0	1	4	0	2	0	4	3	
5470	0	0	0	1	4	0	2	0	4	3	
5480	0	0	0	1	4	0	2	0	4	3	
5490	0	0	0	1	4	0	2	0	4	3	
5500	0	0	0	1	4	0	2	0	4	3	
5510	0	0	0	1	4	0	2	0	4	3	
5520	0	0	0	1	4	0	2	0	4	3	
5530	0	0	0	1	4	0	2	0	4	3	
5540	0	0	0	1	4	0	2	0	4	3	
5550	0	0	0	1	4	0	2	0	4	3	
5560	1	0	0	0	0	0	2	0	4	3	
5570	1	0	0	0	0	0	2	0	4	3	
5580	4	0	0	0	0	1	2	0	0	3	
5590	4	0	0	0	1	1	2	0	0	3	
5600	4	0	0	0	1	1	2	0	0	3	
5610	4	0	0	0	1	1	2	0	0	3	
5620	4	0	0	0	1	1	2	0	0	3	
5630	4	0	0	0	1	1	2	0	0	3	
5640	4	0	0	0	1	1	2	0	0	3	
5650	4	0	0	0	1	1	2	0	0	3	
5660	1	4	0	0	1	0	2	0	0	3	
5670	2	4	0	0	1	0	0	1	0	3	
5680	2	4	0	0	1	0	0	1	0	3	
5690	0	4	0	2	1	0	0	1	0	3	
5700	0	4	0	2	1	0	0	1	0	3	
5710	0	4	0	2	1	0	0	1	0	3	
5720	0	4	0	2	1	0	0	1	0	3	
5730	0	4	0	2	1	0	0	1	0	3	
5740	0	4	0	2	1	0	0	1	0	3	
5750	0	4	0	2	1	0	0	1	0	3	
5760	0	4	0	2	1	0	0	1	0	3	
5770	0	4	0	2	1	0	0	1	0	3	
5780	0	4	0	2	1	0	0	1	0	3	
5790	0	4	0	2	1	0	0	1	0	3	
5800	0	4	0	2	1	0	0	1	0	3	
5810	0	4	0	2	1	0	0	1	0	3	
5820	0	4	0	2	1	0	0	1	0	3	
5830	0	4	0	2	1	0	0	1	0	3	
5840	0	4	0	2	1	0	0	1	0	3	
5850	0	4	0	2	1	0	0	1	0	3	
5860	0	4	0	2	1	0	0	1	0	3	
5870	0	4	0	2	1	0	0	1	0	3	
5880	0	4	0	2	1	0	0	1	0	3	
5890	0	4	0	2	1	0	0	1	0	3	
5900	0	4	0	2	1	0	0	1	0	3	
5910	0	4	0	2	1	0	0	1	0	3	
5920	0	4	0	2	1	0	0	1	0	3	
5930	0	4	0	2	1	0	0	1	0	3	
5940	0	4	0	2	1	0	0	1	0	3	
5950	0	4	0	2	1	0	0	1	0	3	
5960	0	4	0	2	1	0	0	1	0	3	
5970	0	4	0	2	1	0	0	1	0	3	
5980	2	4	0	0	0	0	0	1	0	3	
5990	2	4	0	0	0	0	0	1	0	3	
6000	4	0	0	0	0	2	0	1	0	3	
6010	4	0	0	0	2	2	0	1	0	3	
6020	4	0	0	0	2	2	0	1	0	3	
6030	2	0	0	4	2	0	0	1	0	3	
6040	1	0	0	4	2	0	0	0	2	3	
6050	1	0	0	4	2	0	0	0	2	3	
6060	0	0	0	4	2	0	1	0	2	3	
6070	0	0	0	4	2	0	1	0	2	3	
6080	0	0	0	4	2	0	1	0	2	3	
6090	0	0	0	4	2	0	1	0	2	3	
6100	0	0	0	4	2	0	1	0	2	3	
6110	0	0	0	4	2	0	1	0	2	3	
6120	0	0	0	4	2	0	1	0	2	3	
6130	0	0	0	4	2	0	1	0	2	3	
6140	0	0	0	4	2	0	1	0	2	3	
6150	0	0	0	4	2	0	1	0	2	3	
6160	0	0	0	4	2	0	1	0	2	3	
6170	0	0	0	4	2	0	1	0	2	3	
6180	0	0	0	4	2	0	1	0	2	3	
6190	0	0	0	4	2	0	1	0	2	3	
6200	0	0	0	4	2	0	1	0	2	3	
6210	0	0	0	4	2	0	1	0	2	3	
6220	0	0	0	4	2	0	1	0	2	3	
6230	0	0	0	4	2	0	1	0	2	3	
6240	0	0	0	4	2	0	1	0	2	3	
6250	0	0	0	4	2	0	1	0	2	3	
6260	0	0	0	4	2	0	1	0	2	3	
6270	0	0	0	4	2	0	1	0	2	3	
6280	0	0	0	4	2	0	1	0	2	3	
6290	0	0	0	4	2	0	1	0	2	3	
6300	0	0	0	4	2	0	1	0	2	3	
6310	0	0	0	4	2	0	1	0	2	3	
6320	0	0	0	4	2	0	1	0	2	3	
6330	0	0	0	4	2	0	1	0	2	3	
6340	0	0	0	4	2	0	1	0	2	3	
6350	0	0	0	4	2	0	1	0	2	3	
6360	0	0	0	4	2	0	1	0	2	3	
6370	0	0	0	4	2	0	1	0	2	3	
6380	0	0	0	4	2	0	1	0	2	3	
6390	4	0	0	0	0	0	1	0	2	3	
6400	4	0	0	0	0	0	1	0	2	3	
6410	3	0	0	0	0	4	1	0	2	0	
6420	3	0	0	0	4	4	1	0	2	0	
6430	3	0	0	0	4	4	1	0	2	0	
6440	3	0	0	0	4	4	1	0	2	0	
6450	3	0	0	0	4	4	1	0	2	0	
6460	3	0	0	0	4	4	1	0	2	0	
6470	3	0	0	0	4	4	1	0	2	0	
6480	3	0	0	0	4	4	1	0	2	0	
6490	4	3	0	0	4	0	1	0	2	0	
6500	1	3	0	0	4	0	0	4	2	0	
6510	1	3	0	0	4	0	0	4	2	0	
6520	2	3	0	1	4	0	0	4	0	0	
6530	2	3	0	1	4	0	0	4	0	0	
6540	2	3	0	1	4	0	0	4	0	0	
6550	0	3	0	1	4	0	0	4	2	0	
6560	0	3	0	1	4	0	0	4	2	0	
6570	0	3	0	1	4	0	0	4	2	0	
6580	0	3	0	1	4	0	0	4	2	0	
6590	0	3	0	1	4	0	0	4	2	0	
6600	0	3	0	1	4	0	0	4	2	0	
6610	0	3	0	1	4	0	0	4	2	0	
6620	0	3	0	1	4	0	0	4	2	0	
6630	0	3	0	1	4	0	0	4	2	0	
6640	0	3	0	1	4	0	0	4	2	0	
6650	0	3	0	1	4	0	0	4	2	0	
6660	0	3	0	1	4	0	0	4	2	0	
6670	0	3	0	1	4	0	0	4	2	0	
6680	0	3	0	1	4	0	0	4	2	0	
6690	0	3	0	1	4	0	0	4	2	0	
6700	0	3	0	1	4	0	0	4	2	0	
6710	0	3	0	1	4	0	0	4	2	0	
6720	0	3	0	1	4	0	0	4	2	0	
6730	0	3	0	1	4	0	0	4	2	0	
6740	0	3	0	1	4	0	0	4	2	0	
6750	0	3	0	1	4	0	0	4	2	0	
6760	0	3	0	1	4	0	0	4	2	0	
6770	0	3	0	1	4	0	0	4	2	0	
6780	0	3	0	1	4	0	0	4	2	0	
6790	1	3	0	0	0	0	0	4	2	0	
6800	1	3	0	0	0	0	0	4	2	0	
6810	3	0	0	0	0	1	0	4	2	0	
6820	3	0	0	0	1	1	0	4	2	0	
6830	3	0	0	0	1	1	0	4	2	0	
6840	2	0	0	3	1	1	0	4	0	0	
6850	1	2	0	3	1	0	0	4	0	0	
6860	4	2	0	3	1	0	0	0	1	0	
6870	4	2	0	3	1	0	0	0	1	0	
6880	0	2	0	3	1	0	4	0	1	0	
6890	0	2	0	3	1	0	4	0	1	0	
6900	0	2	0	3	1	0	4	0	1	0	
6910	0	2	0	3	1	0	4	0	1	0	
6920	0	2	0	3	1	0	4	0	1	0	
6930	0	2	0	3	1	0	4	0	1	0	
6940	0	2	0	3	1	0	4	0	1	0	
6950	0	2	0	3	1	0	4	0	1	0	
6960	0	2	0	3	1	0	4	0	1	0	
6970	0	2	0	3	1	0	4	0	1	0	
6980	0	2	0	3	1	0	4	0	1	0	
6990	0	2	0	3	1	0	4	0	1	0	
7000	0	2	0	3	1	0	4	0	1	0	
7010	0	2	0	3	1	0	4	0	1	0	
7020	0	2	0	3	1	0	4	0	1	0	
7030	0	2	0	3	1	0	4	0	1	0	
7040	0	2	0	3	1	0	4	0	1	0	
7050	0	2	0	3	1	0	4	0	1	0	
7060	0	2	0	3	1	0	4	0	1	0	
7070	0	2	0	3	1	0	4	0	1	0	
7080	0	2	0	3	1	0	4	0	1	0	
7090	0	2	0	3	1	0	4	0	1	0	
7100	0	2	0	3	1	0	4	0	1	0	
7110	0	2	0	3	1	0	4	0	1	0	
7120	0	2	0	3	1	0	4	0	1	0	
7130	0	2	0	3	1	0	4	0	1	0	
7140	0	2	0	3	1	0	4	0	1	0	
7150	0	2	0	3	1	0	4	0	1	0	
7160	0	2	0	3	1	0	4	0	1	0	
7170	3	2	0	0	0	0	4	0	1	0	
7180	3	2	0	0	0	0	4	0	1	0	
7190	2	0	0	0	0	3	4	0	1	0	
7200	2	0	0	0	3	3	4	0	1	0	
7210	2	0	0	0	3	3	4	0	1	0	
7220	3	0	0	2	3	0	4	0	1	0	
7230	0	0	0	2	3	0	4	3	1	0	
7240	0	0	0	2	3	0	4	3	1	0	
7250	0	0	0	2	3	0	4	3	1	0	
7260	0	0	0	2	3	0	4	3	1	0	
7270	0	0	0	2	3	0	4	3	1	0	
7280	0	0	0	2	3	0	4	3	1	0	
7290	0	0	0	2	3	0	4	3	1	0	
7300	0	0	0	2	3	0	4	3	1	0	
7310	0	0	0	2	3	0	4	3	1	0	
7320	0	0	0	2	3	0	4	3	1	0	
7330	0	0	0	2	3	0	4	3	1	0	
7340	0	0	0	2	3	0	4	3	1	0	
7350	0	0	0	2	3	0	4	3	1	0	
7360	0	0	0	2	3	0	4	3	1	0	
7370	0	0	0	2	3	0	4	3	1	0	
7380	0	0	0	2	3	0	4	3	1	0	
7390	0	0	0	2	3	0	4	3	1	0	
7400	0	0	0	2	3	0	4	3	1	0	
7410	0	0	0	2	3	0	4	3	1	0	
7420	0	0	0	2	3	0	4	3	1	0	
7430	0	0	0	2	3	0	4	3	1	0	
7440	0	0	0	2	3	0	4	3	1	0	
7450	0	0	0	2	3	0	4	3	1	0	
7460	0	0	0	2	3	0	4	3	1	0	
7470	0	0	0	2	3	0	4	3	1	0	
7480	0	0	0	2	3	0	4	3	1	0	
7490	0	0	0	2	3	0	4	3	1	0	
7500	0	0	0	2	3	0	4	3	1	0	
7510	0	0	0	2	3	0	4	3	1	0	
7520	0	0	0	2	3	0	4	3	1	0	
7530	0	0	0	2	3	0	4	3	1	0	
7540	0	0	0	2	3	0	4	3	1	0	
7550	0	0	0	2	3	0	4	3	1	0	
7560	0	0	0	2	3	0	4	3	1	0	
7570	0	0	0	2	3	0	4	3	1	0	
7580	2	0	0	0	0	0	4	3	1	0	
7590	2	0	0	0	0	0	4	3	1	0	
7600	1	0	0	0	0	2	4	3	0	0	
7610	1	0	0	0	2	2	4	3	0	0	
7620	1	0	0	0	2	2	4	3	0	0	
7630	1	0	0	0	2	2	4	3	0	0	
7640	1	0	0	0	2	2	4	3	0	0	
7650	1	0	0	0	2	2	4	3	0	0	
7660	1	0	0	0	2	2	4	3	0	0	
7670	1	0	0	0	2	2	4	3	0	0	
7680	2	1	0	0	2	0	4	3	0	0	
7690	4	1	0	0	2	0	0	3	2	0	
7700	4	1	0	0	2	0	0	3	2	0	
7710	3	1	0	4	2	0	0	0	2	0	
7720	3	1	0	4	2	0	0	0	2	0	
7730	0	1	0	4	2	0	3	0	2	0	
7740	0	1	0	4	2	0	3	0	2	0	
7750	0	1	0	4	2	0	3	0	2	0	
7760	0	1	0	4	2	0	3	0	2	0	
7770	0	1	0	4	2	0	3	0	2	0	
7780	0	1	0	4	2	0	3	0	2	0	
7790	0	1	0	4	2	0	3	0	2	0	
7800	0	1	0	4	2	0	3	0	2	0	
7810	0	1	0	4	2	0	3	0	2	0	
7820	0	1	0	4	2	0	3	0	2	0	
7830	0	1	0	4	2	0	3	0	2	0	
7840	0	1	0	4	2	0	3	0	2	0	
7850	0	1	0	4	2	0	3	0	2	0	
7860	0	1	0	4	2	0	3	0	2	0	
7870	0	1	0	4	2	0	3	0	2	0	
7880	0	1	0	4	2	0	3	0	2	0	
7890	0	1	0	4	2	0	3	0	2	0	
7900	0	1	0	4	2	0	3	0	2	0	
7910	0	1	0	4	2	0	3	0	2	0	
7920	0	1	0	4	2	0	3	0	2	0	
7930	0	1	0	4	2	0	3	0	2	0	
7940	0	1	0	4	2	0	3	0	2	0	
7950	0	1	0	4	2	0	3	0	2	0	
7960	0	1	0	4	2	0	3	0	2	0	
7970	4	1	0	0	0	0	3	0	2	0	
7980	4	1	0	0	0	0	3	0	2	0	
7990	1	0	0	0	0	4	3	0	2	0	
8000	1	0	0	0	4	4	3	0	2	0	
8010	1	0	0	0	4	4	3	0	2	0	
8020	4	0	0	1	4	0	3	0	2	0	
8030	0	0	0	1	4	0	3	4	2	0	
8040	0	0	0	1	4	0	3	4	2	0	
8050	0	0	0	1	4	0	3	4	2	0	
8060	0	0	0	1	4	0	3	4	2	0	
8070	0	0	0	1	4	0	3	4	2	0	
8080	0	0	0	1	4	0	3	4	2	0	
8090	0	0	0	1	4	0	3	4	2	0	
8100	0	0	0	1	4	0	3	4	2	0	
8110	0	0	0	1	4	0	3	4	2	0	
8120	0	0	0	1	4	0	3	4	2	0	
8130	0	0	0	1	4	0	3	4	2	0	
8140	0	0	0	1	4	0	3	4	2	0	
8150	0	0	0	1	4	0	3	4	2	0	
8160	0	0	0	1	4	0	3	4	2	0	
8170	0	0	0	1	4	0	3	4	2	0	
8180	0	0	0	1	4	0	3	4	2	0	
8190	0	0	0	1	4	0	3	4	2	0	
8200	0	0	0	1	4	0	3	4	2	0	
8210	0	0	0	1	4	0	3	4	2	0	
8220	0	0	0	1	4	0	3	4	2	0	
8230	0	0	0	1	4	0	3	4	2	0	
8240	0	0	0	1	4	0	3	4	2	0	
8250	0	0	0	1	4	0	3	4	2	0	
8260	0	0	0	1	4	0	3	4	2	0	
8270	0	0	0	1	4	0	3	4	2	0	
8280	0	0	0	1	4	0	3	4	2	0	
8290	0	0	0	1	4	0	3	4	2	0	
8300	0	0	0	1	4	0	3	4	2	0	
8310	0	0	0	1	4	0	3	4	2	0	
8320	0	0	0	1	4	0	3	4	2	0	
8330	0	0	0	1	4	0	3	4	2	0	
8340	0	0	0	1	4	0	3	4	2	0	
8350	0	0	0	1	4	0	3	4	2	0	
8360	0	0	0	1	4	0	3	4	2	0	
8370	0	0	0	1	4	0	3	4	2	0	
8380	1	0	0	0	0	0	3	4	2	0	
8390	1	0	0	0	0	0	3	4	2	0	
8400	4	0	0	0	0	1	3	0	2	0	
8410	4	0	0	0	1	1	3	0	2	0	
8420	4	0	0	0	1	1	3	0	2	0	
8430	4	0	0	0	1	1	3	0	2	0	
8440	4	0	0	0	1	1	3	0	2	0	
8450	4	0	0	0	1	1	3	0	2	0	
8460	4	0	0	0	1	1	3	0	2	0	
8470	4	0	0	0	1	1	3	0	2	0	
8480	1	4	0	0	1	0	3	0	2	0	
8490	3	4	0	0	1	0	0	1	2	0	
8500	3	4	0	0	1	0	0	1	2	0	
8510	2	4	0	3	1	0	0	1	0	0	
8520	2	4	0	3	1	0	0	1	0	0	
8530	0	4	0	3	1	0	2	1	0	0	
8540	0	4	0	3	1	0	2	1	0	0	
8550	0	4	0	3	1	0	2	1	0	0	
8560	0	4	0	3	1	0	2	1	0	0	
8570	0	4	0	3	1	0	2	1	0	0	
8580	0	4	0	3	1	0	2	1	0	0	
8590	0	4	0	3	1	0	2	1	0	0	
8600	0	4	0	3	1	0	2	1	0	0	
8610	0	4	0	3	1	0	2	1	0	0	
8620	0	4	0	3	1	0	2	1	0	0	
8630	0	4	0	3	1	0	2	1	0	0	
