time	manip	gran	press	averat	laba	proba	StZn
10	10000	100000	1200	100000	100000	100000	100000	
20	10000	100000	1200	100000	100000	100000	100000	
30	10000	100000	1200	100000	100000	100000	100000	
40	10000	100000	1200	100000	100000	100000	100000	
50	10000	100000	1200	100000	100000	100000	100000	
60	10000	100000	1200	100000	100000	100000	100000	
70	10000	100000	1200	100000	100000	100000	100000	
80	10000	100000	1200	100000	100000	100000	100000	
90	10000	100000	1200	99815	100000	100000	100000	
100	10000	100000	1200	99815	100000	100000	100000	
110	10000	100000	1200	99815	100000	100000	100000	
120	10000	100000	1200	99815	100000	100000	100000	
130	10000	100000	1200	99815	100000	100000	100000	
140	10000	100000	1200	99815	100000	100000	100000	
150	10000	100000	1200	99815	100000	100000	100000	
160	10000	100000	1200	99815	100000	100000	100000	
170	10000	100000	1200	99815	100000	100000	100000	
180	10000	100000	1200	99815	100000	100000	100000	
190	10000	100000	1200	99815	100000	100000	100000	
200	10000	100000	1200	99815	100000	100000	100000	
210	10000	100000	1200	99815	100000	100000	100000	
220	10000	99572	1200	99815	100000	100000	100000	
230	10000	99572	1200	99815	100000	100000	100000	
240	10000	99572	1200	99815	100000	100000	100000	
250	10000	99572	1200	99815	100000	100000	100000	
260	10000	99572	1200	99815	100000	100000	100000	
270	10000	99572	1200	99815	100000	100000	100000	
280	10000	99572	1200	99815	100000	100000	100000	
290	10000	99572	1200	99815	100000	100000	100000	
300	10000	99572	1200	99815	100000	100000	100000	
310	10000	99572	1200	99815	100000	100000	100000	
320	10000	99572	1200	99815	100000	100000	100000	
330	10000	99572	1200	99815	100000	100000	100000	
340	10000	99572	1200	99815	100000	100000	100000	
350	10000	99572	1200	99815	100000	100000	100000	
360	10000	99572	1200	99815	100000	100000	100000	
370	10000	99572	1200	99815	100000	100000	100000	
380	10000	99572	1200	99815	100000	100000	100000	
390	10000	99572	1200	99815	100000	100000	100000	
400	9988	99572	1200	99815	100000	100000	100000	
410	9988	99572	1200	99815	100000	100000	100000	
420	9988	99572	1200	99815	100000	100000	100000	
430	9958	99572	1200	99815	100000	100000	100000	
440	9952	99572	1200	99815	100000	100000	100000	
450	9952	99572	1200	99815	100000	100000	100000	
460	9940	99572	1200	99815	100000	100000	100000	
470	9940	99572	1200	99815	100000	100000	100000	
480	9940	99572	1200	99815	100000	100000	100000	
490	9940	99572	1200	99815	100000	100000	99939	
500	9940	99572	1200	99815	100000	100000	99939	
510	9940	99572	1200	99815	100000	100000	99939	
520	9940	99572	1200	99815	100000	100000	99939	
530	9940	99572	1200	99620	100000	100000	99939	
540	9940	99572	1200	99620	100000	100000	99939	
550	9940	99572	1200	99620	100000	100000	99939	
560	9940	99572	1200	99620	100000	100000	99939	
570	9940	99572	1200	99620	100000	100000	99939	
580	9940	99572	1200	99620	100000	100000	99939	
590	9940	99572	1200	99620	100000	100000	99939	
600	9940	99572	1200	99620	100000	100000	99939	
610	9940	99572	1200	99620	100000	100000	99939	
620	9940	99572	1200	99620	100000	100000	99939	
630	9940	99572	1200	99620	100000	100000	99939	
640	9940	99572	1200	99620	100000	100000	99939	
650	9940	99572	1200	99620	100000	100000	99939	
660	9940	99572	1200	99620	100000	100000	99939	
670	9940	99572	1200	99620	100000	100000	99939	
680	9940	99572	1200	99620	100000	100000	99939	
690	9940	99572	1200	99620	100000	100000	99939	
700	9940	99572	1200	99620	100000	100000	99939	
710	9940	99572	1200	99620	100000	100000	99939	
720	9940	99572	1200	99620	100000	100000	99939	
730	9940	99572	1200	99620	100000	100000	99939	
740	9940	99572	1200	99620	100000	100000	99939	
750	9940	99572	1200	99620	100000	100000	99939	
760	9940	99572	1200	99620	100000	100000	99939	
770	9940	99572	1200	99620	100000	100000	99939	
780	9940	99572	1200	99620	100000	100000	99939	
790	9940	99572	1200	99620	100000	100000	99939	
800	9928	99572	1200	99620	100000	100000	99939	
810	9928	99572	1200	99620	100000	100000	99939	
820	9928	99572	1200	99620	100000	100000	99939	
830	9898	99572	1200	99620	100000	100000	99939	
840	9898	99572	1200	99620	100000	100000	99939	
850	9898	99572	1200	99620	100000	100000	99939	
860	9898	99572	1200	99620	100000	100000	99939	
870	9898	99572	1200	99620	100000	100000	99939	
880	9848	99572	1200	99620	100000	100000	99939	
890	9842	99572	1200	99620	100000	100000	99939	
900	9842	99572	1200	99620	100000	100000	99939	
910	9827	99572	1200	99620	100000	100000	99939	
920	9827	99572	1200	99620	100000	100000	99939	
930	9827	99572	1200	99620	100000	100000	99939	
940	9827	99572	1200	99620	100000	100000	99939	
950	9827	99572	1200	99620	100000	100000	99939	
960	9827	99572	1200	99620	100000	100000	99939	
970	9827	99572	1200	99620	100000	100000	99939	
980	9827	99572	1200	99620	100000	100000	99939	
990	9827	99572	1200	99620	100000	100000	99939	
1000	9827	99572	1200	99620	100000	100000	99939	
1010	9827	99572	1200	99460	100000	100000	99939	
1020	9827	99572	1200	99460	100000	100000	99939	
1030	9827	99572	1200	99460	100000	100000	99939	
1040	9827	99572	1200	99460	100000	100000	99939	
1050	9827	99572	1200	99460	100000	100000	99939	
1060	9827	99572	1200	99460	100000	100000	99939	
1070	9827	99572	1200	99460	100000	100000	99939	
1080	9827	99572	1200	99460	100000	100000	99939	
1090	9827	99151	1200	99460	100000	100000	99939	
1100	9827	99151	1200	99460	100000	100000	99939	
1110	9827	99151	925	99460	100000	100000	99939	
1120	9827	99151	925	99460	100000	100000	99939	
1130	9827	99151	925	99460	100000	100000	99939	
1140	9827	99151	925	99460	100000	100000	99939	
1150	9827	99151	925	99460	100000	100000	99939	
1160	9827	99151	925	99460	100000	100000	99939	
1170	9827	99151	925	99460	100000	100000	99939	
1180	9827	99151	925	99460	100000	100000	99939	
1190	9815	99151	925	99460	100000	100000	99939	
1200	9815	99151	925	99460	100000	100000	99939	
1210	9815	99151	925	99460	100000	100000	99939	
1220	9785	99151	925	99460	100000	100000	99939	
1230	9779	99151	925	99460	100000	100000	99939	
1240	9779	99151	925	99460	100000	100000	99939	
1250	9767	99151	925	99460	100000	100000	99939	
1260	9767	99151	925	99460	100000	100000	99939	
1270	9767	99151	925	99460	100000	100000	99939	
1280	9767	99151	925	99310	100000	100000	99875	
1290	9767	99151	925	99310	100000	100000	99875	
1300	9767	99151	925	99310	100000	100000	99875	
1310	9767	99151	925	99310	100000	100000	99875	
1320	9767	99151	925	99310	100000	100000	99875	
1330	9767	99151	925	99310	100000	100000	99875	
1340	9767	99151	925	99310	100000	100000	99875	
1350	9767	99151	925	99310	100000	100000	99875	
1360	9767	99151	925	99310	100000	100000	99875	
1370	9767	99151	925	99310	100000	100000	99875	
1380	9767	99151	925	99310	100000	100000	99875	
1390	9767	99151	925	99310	100000	100000	99875	
1400	9767	99151	925	99310	100000	100000	99875	
1410	9767	99151	925	99310	100000	100000	99875	
1420	9767	99151	925	99310	100000	100000	99875	
1430	9767	99151	925	99310	100000	100000	99875	
1440	9767	99151	925	99310	100000	100000	99875	
1450	9767	99151	925	99310	100000	100000	99875	
1460	9767	99151	925	99310	100000	100000	99875	
1470	9767	99151	925	99310	100000	100000	99875	
1480	9767	99151	925	99310	100000	100000	99875	
1490	9767	99151	925	99310	100000	100000	99875	
1500	9767	99151	925	99310	100000	100000	99875	
1510	9767	99151	925	99310	100000	100000	99875	
1520	9767	99151	925	99310	100000	100000	99875	
1530	9767	99151	925	99310	100000	100000	99875	
1540	9767	99151	925	99310	100000	100000	99875	
1550	9767	99151	925	99310	100000	100000	99875	
1560	9767	99151	925	99310	100000	100000	99875	
1570	9767	99151	925	99310	100000	100000	99875	
1580	9767	99151	925	99310	100000	100000	99875	
1590	9767	99151	925	99310	100000	100000	99875	
1600	9767	99151	925	99310	100000	100000	99875	
1610	9755	99151	925	99310	100000	100000	99875	
1620	9755	99151	925	99310	100000	100000	99875	
1630	9755	99151	925	99310	100000	100000	99875	
1640	9725	99151	925	99310	100000	100000	99875	
1650	9725	99151	925	99310	100000	100000	99875	
1660	9725	99151	925	99310	100000	100000	99875	
1670	9725	99151	925	99310	100000	100000	99875	
1680	9725	99151	925	99310	100000	100000	99875	
1690	9675	99151	925	99310	100000	100000	99875	
1700	9669	99151	925	99310	100000	100000	99875	
1710	9669	99151	925	99310	100000	100000	99875	
1720	9654	99151	925	99310	100000	100000	99875	
1730	9654	99151	925	99310	100000	100000	99875	
1740	9654	99151	925	99310	100000	100000	99875	
1750	9654	99151	925	99310	100000	100000	99875	
1760	9654	99151	925	99310	100000	100000	99875	
1770	9654	99151	925	99310	100000	100000	99875	
1780	9654	99151	925	99310	100000	100000	99875	
1790	9654	99151	925	99310	100000	100000	99875	
1800	9654	99151	925	99310	100000	100000	99875	
1810	9654	99151	925	99130	100000	100000	99875	
1820	9654	99151	925	99130	100000	100000	99875	
1830	9654	99151	925	99130	100000	100000	99875	
1840	9654	99151	925	99130	100000	100000	99875	
1850	9654	99151	925	99130	100000	100000	99875	
1860	9654	99151	925	99130	100000	100000	99875	
1870	9654	99151	925	99130	100000	100000	99875	
1880	9654	99151	925	99130	100000	100000	99875	
1890	9654	99151	925	99130	100000	100000	99875	
1900	9654	99151	925	99130	100000	100000	99875	
1910	9654	98719	925	99130	100000	100000	99875	
1920	9654	98719	925	99130	100000	100000	99875	
1930	9654	98719	639	99130	100000	100000	99875	
1940	9654	98719	639	99130	100000	100000	99875	
1950	9654	98719	639	99130	100000	100000	99875	
1960	9654	98719	639	99130	100000	100000	99875	
1970	9654	98719	639	99130	100000	100000	99875	
1980	9654	98719	639	99130	100000	100000	99875	
1990	9654	98719	639	99130	100000	100000	99875	
2000	9654	98719	639	99130	100000	100000	99875	
2010	9642	98719	639	99130	100000	100000	99875	
2020	9642	98719	639	99130	100000	100000	99875	
2030	9642	98719	639	99130	100000	100000	99875	
2040	9612	98719	639	99130	100000	100000	99875	
2050	9606	98719	639	99130	100000	100000	99875	
2060	9606	98719	639	99130	100000	100000	99875	
2070	9594	98719	639	99130	100000	100000	99875	
2080	9594	98719	639	99130	100000	100000	99875	
2090	9594	98719	639	99130	100000	100000	99875	
2100	9594	98719	639	99130	100000	100000	99812	
2110	9594	98719	639	99130	100000	100000	99812	
2120	9594	98719	639	99130	100000	100000	99812	
2130	9594	98719	639	98950	100000	100000	99812	
2140	9594	98719	639	98950	100000	100000	99812	
2150	9594	98719	639	98950	100000	100000	99812	
2160	9594	98719	639	98950	100000	100000	99812	
2170	9594	98719	639	98950	100000	100000	99812	
2180	9594	98719	639	98950	100000	100000	99812	
2190	9594	98719	639	98950	100000	100000	99812	
2200	9594	98719	639	98950	100000	100000	99812	
2210	9594	98719	639	98950	100000	100000	99812	
2220	9594	98719	639	98950	100000	100000	99812	
2230	9594	98719	639	98950	100000	100000	99812	
2240	9594	98719	639	98950	100000	100000	99812	
2250	9594	98719	639	98950	100000	100000	99812	
2260	9594	98719	639	98950	100000	100000	99812	
2270	9594	98719	639	98950	100000	100000	99812	
2280	9594	98719	639	98950	100000	100000	99812	
2290	9594	98719	639	98950	100000	100000	99812	
2300	9594	98719	639	98950	100000	100000	99812	
2310	9594	98719	639	98950	100000	100000	99812	
2320	9594	98719	639	98950	100000	100000	99812	
2330	9594	98719	639	98950	100000	100000	99812	
2340	9594	98719	639	98950	100000	100000	99812	
2350	9594	98719	639	98950	100000	100000	99812	
2360	9594	98719	639	98950	100000	100000	99812	
2370	9594	98719	639	98950	100000	100000	99812	
2380	9594	98719	639	98950	100000	100000	99812	
2390	9594	98719	639	98950	100000	100000	99812	
2400	9582	98719	639	98950	100000	100000	99812	
2410	9582	98719	639	98950	100000	100000	99812	
2420	9582	98719	639	98950	100000	100000	99812	
2430	9552	98719	639	98950	100000	100000	99812	
2440	9552	98719	639	98950	100000	100000	99812	
2450	9552	98719	639	98950	100000	100000	99812	
2460	9552	98719	639	98950	100000	100000	99812	
2470	9552	98719	639	98950	100000	100000	99812	
2480	9502	98719	639	98950	100000	100000	99812	
2490	9496	98719	639	98950	100000	100000	99812	
2500	9496	98719	639	98950	100000	100000	99812	
2510	9481	98719	639	98950	100000	100000	99812	
2520	9481	98719	639	98950	100000	100000	99812	
2530	9481	98719	639	98950	100000	100000	99812	
2540	9481	98719	639	98950	100000	100000	99812	
2550	9481	98719	639	98950	100000	100000	99812	
2560	9481	98719	639	98950	100000	100000	99812	
2570	9481	98719	639	98950	100000	100000	99812	
2580	9481	98719	639	98950	100000	100000	99812	
2590	9481	98719	639	98950	100000	100000	99812	
2600	9481	98719	639	98770	100000	100000	99812	
2610	9481	98719	639	98770	100000	100000	99812	
2620	9481	98719	639	98770	100000	100000	99812	
2630	9481	98719	639	98770	100000	100000	99812	
2640	9481	98719	639	98770	100000	100000	99812	
2650	9481	98719	639	98770	100000	100000	99812	
2660	9481	98719	639	98770	100000	100000	99812	
2670	9481	98719	639	98770	100000	100000	99812	
2680	9481	98719	639	98770	100000	100000	99812	
2690	9481	98719	639	98770	100000	100000	99812	
2700	9481	98283	639	98770	100000	100000	99812	
2710	9481	98283	639	98770	100000	100000	99812	
2720	9481	98283	639	98770	100000	100000	99812	
2730	9481	98283	348	98770	100000	100000	99812	
2740	9481	98283	348	98770	100000	100000	99812	
2750	9481	98283	348	98770	100000	100000	99812	
2760	9481	98283	348	98770	100000	100000	99812	
2770	9481	98283	348	98770	100000	100000	99812	
2780	9481	98283	348	98770	100000	100000	99812	
2790	9481	98283	348	98770	100000	100000	99812	
2800	9481	98283	348	98770	100000	100000	99812	
2810	9481	98283	348	98770	100000	100000	99812	
2820	9469	98283	348	98770	100000	100000	99812	
2830	9469	98283	348	98770	100000	100000	99812	
2840	9469	98283	348	98770	100000	100000	99812	
2850	9439	98283	348	98770	100000	100000	99812	
2860	9433	98283	348	98770	100000	100000	99812	
2870	9433	98283	348	98770	100000	100000	99812	
2880	9421	98283	348	98770	100000	100000	99812	
2890	9421	98283	348	98770	100000	100000	99812	
2900	9421	98283	348	98770	100000	100000	99812	
2910	9421	98283	348	98770	100000	100000	99751	
2920	9421	98283	348	98770	100000	100000	99751	
2930	9421	98283	348	98770	100000	100000	99751	
2940	9421	98283	348	98590	100000	100000	99751	
2950	9421	98283	348	98590	100000	100000	99751	
2960	9421	98283	348	98590	100000	100000	99751	
2970	9421	98283	348	98590	100000	100000	99751	
2980	9421	98283	348	98590	100000	100000	99751	
2990	9421	98283	348	98590	100000	100000	99751	
3000	9421	98283	348	98590	100000	100000	99751	
3010	9421	98283	348	98590	100000	100000	99751	
3020	9421	98283	348	98590	100000	100000	99751	
3030	9421	98283	348	98590	100000	100000	99751	
3040	9421	98283	348	98590	100000	100000	99751	
3050	9421	98283	348	98590	100000	100000	99751	
3060	9421	98283	348	98590	100000	100000	99751	
3070	9421	98283	348	98590	100000	100000	99751	
3080	9421	98283	348	98590	100000	100000	99751	
3090	9421	98283	348	98590	100000	100000	99751	
3100	9421	98283	348	98590	100000	100000	99751	
3110	9421	98283	348	98590	100000	100000	99751	
3120	9421	98283	348	98590	100000	100000	99751	
3130	9421	98283	348	98590	100000	100000	99751	
3140	9421	98283	348	98590	100000	100000	99751	
3150	9421	98283	348	98590	100000	100000	99751	
3160	9421	98283	348	98590	100000	100000	99751	
3170	9421	98283	348	98590	100000	100000	99751	
3180	9421	98283	348	98590	100000	100000	99751	
3190	9421	98283	348	98590	100000	100000	99751	
3200	9421	98283	348	98590	100000	100000	99751	
3210	9409	98283	348	98590	100000	100000	99751	
3220	9409	98283	348	98590	100000	100000	99751	
3230	9409	98283	348	98590	100000	100000	99751	
3240	9379	98283	348	98590	100000	100000	99751	
3250	9379	98283	348	98590	100000	100000	99751	
3260	9379	98283	348	98590	100000	100000	99751	
3270	9379	98283	348	98590	100000	100000	99751	
3280	9379	98283	348	98590	100000	100000	99751	
3290	9329	98283	348	98590	100000	100000	99751	
3300	9323	98283	348	98590	100000	100000	99751	
3310	9323	98283	348	98590	100000	100000	99751	
3320	9308	98283	348	98590	100000	100000	99751	
3330	9308	98283	348	98590	100000	100000	99751	
3340	9308	98283	348	98590	100000	100000	99751	
3350	9308	98283	348	98590	100000	100000	99751	
3360	9308	98283	348	98590	100000	100000	99751	
3370	9308	98283	348	98590	100000	100000	99751	
3380	9308	98283	348	98590	100000	100000	99751	
3390	9308	98283	348	98590	100000	100000	99751	
3400	9308	98283	348	98590	100000	100000	99751	
3410	9308	98283	348	98410	100000	100000	99751	
3420	9308	98283	348	98410	100000	100000	99751	
3430	9308	98283	348	98410	100000	100000	99751	
3440	9308	98283	348	98410	100000	100000	99751	
3450	9308	98283	348	98410	100000	100000	99751	
3460	9308	98283	348	98410	100000	100000	99751	
3470	9308	98283	348	98410	100000	100000	99751	
3480	9308	98283	348	98410	100000	100000	99751	
3490	9308	98283	348	98410	100000	100000	99751	
3500	9308	98283	348	98410	100000	100000	99751	
3510	9308	97850	348	98410	100000	100000	99751	
3520	9308	97850	348	98410	100000	100000	99751	
3530	9308	97850	67	98410	100000	100000	99751	
3540	9308	97850	67	98410	100000	100000	99751	
3550	9308	97850	67	98410	100000	100000	99751	
3560	9308	97850	67	98410	100000	100000	99751	
3570	9308	97850	67	98410	100000	100000	99751	
3580	9308	97850	67	98410	100000	100000	99751	
3590	9308	97850	67	98410	100000	100000	99751	
3600	9308	97850	67	98410	100000	100000	99751	
3610	9308	97850	67	98410	100000	100000	99751	
3620	9308	97850	67	98410	100000	100000	99751	
3630	9296	97850	67	98410	100000	100000	99751	
3640	9296	97850	67	98410	100000	100000	99751	
3650	9296	97850	67	98410	100000	100000	99751	
3660	9266	97850	67	98410	100000	100000	99751	
3670	9260	97850	67	98410	100000	100000	99751	
3680	9260	97850	67	98410	100000	100000	99751	
3690	9248	97850	67	98410	100000	100000	99751	
3700	9248	97850	67	98410	100000	100000	99751	
3710	9248	97850	67	98410	100000	100000	99751	
3720	9248	97850	67	98410	100000	100000	99689	
3730	9248	97850	67	98410	100000	100000	99689	
3740	9248	97850	67	98410	100000	100000	99689	
3750	9248	97850	67	98230	100000	100000	99689	
3760	9248	97850	67	98230	100000	100000	99689	
3770	9248	97850	67	98230	100000	100000	99689	
3780	9248	97850	67	98230	100000	100000	99689	
3790	9248	97850	67	98230	100000	100000	99689	
3800	9248	97850	67	98230	100000	100000	99689	
3810	9248	97850	67	98230	100000	100000	99689	
3820	9248	97850	67	98230	100000	100000	99689	
3830	9248	97850	67	98230	100000	100000	99689	
3840	9248	97850	67	98230	100000	100000	99689	
3850	9248	97850	67	98230	100000	100000	99689	
3860	9248	97850	67	98230	100000	100000	99689	
3870	9248	97850	67	98230	100000	100000	99689	
3880	9248	97850	67	98230	100000	100000	99689	
3890	9248	97850	67	98230	100000	100000	99689	
3900	9248	97850	67	98230	100000	100000	99689	
3910	9248	97850	67	98230	100000	100000	99689	
3920	9248	97850	67	98230	100000	100000	99689	
3930	9248	97850	67	98230	100000	100000	99689	
3940	9248	97850	67	98230	100000	100000	99689	
3950	9248	97850	67	98230	100000	100000	99689	
3960	9248	97850	67	98230	100000	100000	99689	
3970	9248	97850	67	98230	100000	100000	99689	
3980	9248	97850	67	98230	100000	100000	99689	
3990	9248	97850	67	98230	100000	100000	99689	
4000	9248	97850	67	98230	100000	100000	99689	
4010	9236	97850	67	98230	100000	100000	99689	
4020	9236	97850	67	98230	100000	100000	99689	
4030	9236	97850	67	98230	100000	100000	99689	
4040	9206	97850	67	98230	100000	100000	99689	
4050	9206	97850	67	98230	100000	100000	99689	
4060	9206	97850	67	98230	100000	100000	99689	
4070	9206	97850	67	98230	100000	100000	99689	
4080	9206	97850	67	98230	100000	100000	99689	
4090	9156	97850	67	98230	100000	100000	99689	
4100	9150	97850	67	98230	100000	100000	99689	
4110	9150	97850	67	98230	100000	100000	99689	
4120	9135	97850	67	98230	100000	100000	99689	
4130	9135	97850	67	98230	100000	100000	99689	
4140	9135	97850	67	98230	100000	100000	99689	
4150	9135	97850	67	98230	100000	100000	99689	
4160	9135	97850	67	98230	100000	100000	99689	
4170	9135	97850	67	98230	100000	100000	99689	
4180	9135	97850	67	98230	100000	100000	99689	
4190	9135	97850	67	98230	100000	100000	99689	
4200	9135	97850	67	98230	100000	100000	99689	
4210	9135	97850	67	98050	100000	100000	99689	
4220	9135	97850	67	98050	100000	100000	99689	
4230	9135	97850	67	98050	100000	100000	99689	
4240	9135	97850	67	98050	100000	100000	99689	
4250	9135	97850	67	98050	100000	100000	99689	
4260	9135	97850	67	98050	100000	100000	99689	
4270	9135	97850	67	98050	100000	100000	99689	
4280	9135	97850	67	98050	100000	100000	99689	
4290	9135	97850	67	98050	100000	100000	99689	
4300	9135	97850	67	98050	100000	100000	99689	
4310	9135	97422	67	98050	100000	100000	99689	
4320	9135	97422	-204	98050	100000	100000	99689	
4330	9135	97422	-204	98050	100000	100000	99689	
4340	9135	97422	-204	98050	100000	100000	99689	
4350	9135	97422	-204	98050	100000	100000	99689	
4360	9135	97422	-204	98050	100000	100000	99689	
4370	9135	97422	-204	98050	100000	100000	99689	
4380	9135	97422	-204	98050	100000	100000	99689	
4390	9135	97422	-204	98050	100000	100000	99689	
4400	9123	97422	-204	98050	100000	100000	99689	
4410	9123	97422	-204	98050	100000	100000	99689	
4420	9123	97422	-204	98050	100000	100000	99689	
4430	9093	97422	-204	98050	100000	100000	99689	
4440	9087	97422	-204	98050	100000	100000	99689	
4450	9087	97422	-204	98050	100000	100000	99689	
4460	9075	97422	-204	98050	100000	100000	99689	
4470	9075	97422	-204	98050	100000	100000	99689	
4480	9075	97422	-204	98050	100000	100000	99689	
4490	9075	97422	-204	98050	100000	100000	99628	
4500	9075	97422	-204	98050	100000	100000	99628	
4510	9075	97422	-204	98050	100000	100000	99628	
4520	9075	97422	-204	97865	100000	100000	99628	
4530	9075	97422	-204	97865	100000	100000	99628	
4540	9075	97422	-204	97865	100000	100000	99628	
4550	9075	97422	-204	97865	100000	100000	99628	
4560	9075	97422	-204	97865	100000	100000	99628	
4570	9075	97422	-204	97865	100000	100000	99628	
4580	9075	97422	-204	97865	100000	100000	99628	
4590	9075	97422	-204	97865	100000	100000	99628	
4600	9075	97422	-204	97865	100000	100000	99628	
4610	9075	97422	-204	97865	100000	100000	99628	
4620	9075	97422	-204	97865	100000	100000	99628	
4630	9075	97422	-204	97865	100000	100000	99628	
4640	9075	97422	-204	97865	100000	100000	99628	
4650	9075	97422	-204	97865	100000	100000	99628	
4660	9075	97422	-204	97865	100000	100000	99628	
4670	9075	97422	-204	97865	100000	100000	99628	
4680	9075	97422	-204	97865	100000	100000	99628	
4690	9075	97422	-204	97865	100000	100000	99628	
4700	9075	97422	-204	97865	100000	100000	99628	
4710	9075	97422	-204	97865	100000	100000	99628	
4720	9075	97422	-204	97865	100000	100000	99628	
4730	9075	97422	-204	97865	100000	100000	99628	
4740	9075	97422	-204	97865	100000	100000	99628	
4750	9075	97422	-204	97865	100000	100000	99628	
4760	9075	97422	-204	97865	100000	100000	99628	
4770	9075	97422	-204	97865	100000	100000	99628	
4780	9075	97422	-204	97865	100000	100000	99628	
4790	9075	97422	-204	97865	100000	100000	99628	
4800	9063	97422	-204	97865	100000	100000	99628	
4810	9063	97422	-204	97865	100000	100000	99628	
4820	9063	97422	-204	97865	100000	100000	99628	
4830	9033	97422	-204	97865	100000	100000	99628	
4840	9033	97422	-204	97865	100000	100000	99628	
4850	9033	97422	-204	97865	100000	100000	99628	
4860	9033	97422	-204	97865	100000	100000	99628	
4870	9033	97422	-204	97865	100000	100000	99628	
4880	8983	97422	-204	97865	100000	100000	99628	
4890	8977	97422	-204	97865	100000	100000	99628	
4900	8977	97422	-204	97865	100000	100000	99628	
4910	8962	97422	-204	97865	100000	100000	99628	
4920	8962	97422	-204	97865	100000	100000	99628	
4930	8962	97422	-204	97865	100000	100000	99628	
4940	8962	97422	-204	97865	100000	100000	99628	
4950	8962	97422	-204	97865	100000	100000	99628	
4960	8962	97422	-204	97865	100000	100000	99628	
4970	8962	97422	-204	97865	100000	100000	99628	
4980	8962	97422	-204	97865	100000	100000	99628	
4990	8962	97422	-204	97865	100000	100000	99628	
5000	8962	97422	-204	97670	100000	100000	99628	
5010	8962	97422	-204	97670	100000	100000	99628	
5020	8962	97422	-204	97670	100000	100000	99628	
5030	8962	97422	-204	97670	100000	100000	99628	
5040	8962	97422	-204	97670	100000	100000	99628	
5050	8962	97422	-204	97670	100000	100000	99628	
5060	8962	97422	-204	97670	100000	100000	99628	
5070	8962	97422	-204	97670	100000	100000	99628	
5080	8962	97422	-204	97670	100000	100000	99628	
5090	8962	97422	-204	97670	100000	100000	99628	
5100	8962	97010	-204	97670	100000	100000	99628	
5110	8962	97010	-204	97670	100000	100000	99628	
5120	8962	97010	-204	97670	100000	100000	99628	
5130	8962	97010	-204	97670	100000	100000	99628	
5140	8962	97010	-204	97670	100000	100000	99628	
5150	8962	97010	-204	97670	100000	100000	99628	
5160	8962	97010	-204	97670	100000	100000	99628	
5170	8962	97010	-204	97670	100000	100000	99628	
5180	8962	97010	-204	97670	100000	100000	99628	
5190	8962	97010	10000	97670	100000	100000	99628	
5200	8950	97010	10000	97670	100000	100000	99628	
5210	8950	97010	10000	97670	100000	100000	99628	
5220	8950	97010	10000	97670	100000	100000	99628	
5230	8920	97010	10000	97670	100000	100000	99628	
5240	8914	97010	10000	97670	100000	100000	99628	
5250	8914	97010	10000	97670	100000	100000	99628	
5260	8902	97010	10000	97670	100000	100000	99628	
5270	8902	97010	10000	97670	100000	100000	99628	
5280	8902	97010	10000	97670	100000	100000	99628	
5290	8902	97010	10000	97670	100000	100000	99568	
5300	8902	97010	10000	97670	100000	100000	99568	
5310	8902	97010	10000	97670	100000	100000	99568	
5320	8902	97010	10000	97670	100000	100000	99568	
5330	8902	97010	10000	97510	100000	100000	99568	
5340	8902	97010	10000	97510	100000	100000	99568	
5350	8902	97010	10000	97510	100000	100000	99568	
5360	8902	97010	10000	97510	100000	100000	99568	
5370	8902	97010	10000	97510	100000	100000	99568	
5380	8902	97010	10000	97510	100000	100000	99568	
5390	8902	97010	10000	97510	100000	100000	99568	
5400	8902	97010	10000	97510	100000	100000	99568	
5410	8902	97010	10000	97510	100000	100000	99568	
5420	8902	97010	10000	97510	100000	100000	99568	
5430	8902	97010	10000	97510	100000	100000	99568	
5440	8902	97010	10000	97510	100000	100000	99568	
5450	8902	97010	10000	97510	100000	100000	99568	
5460	8902	97010	10000	97510	100000	100000	99568	
5470	8902	97010	10000	97510	100000	100000	99568	
5480	8902	97010	10000	97510	100000	100000	99568	
5490	8902	97010	10000	97510	100000	100000	99568	
5500	8902	97010	10000	97510	100000	100000	99568	
5510	8902	97010	10000	97510	100000	100000	99568	
5520	8902	97010	10000	97510	100000	100000	99568	
5530	8902	97010	10000	97510	100000	100000	99568	
5540	8902	97010	10000	97510	100000	100000	99568	
5550	8902	97010	10000	97510	100000	100000	99568	
5560	8902	97010	10000	97510	100000	100000	99568	
5570	8902	97010	10000	97510	100000	100000	99568	
5580	8890	97010	10000	97510	100000	100000	99568	
5590	8890	97010	10000	97510	100000	100000	99568	
5600	8890	97010	10000	97510	100000	100000	99568	
5610	8860	97010	10000	97510	100000	100000	99568	
5620	8860	97010	10000	97510	100000	100000	99568	
5630	8860	97010	10000	97510	100000	100000	99568	
5640	8860	97010	10000	97510	100000	100000	99568	
5650	8860	97010	10000	97510	100000	100000	99568	
5660	8810	97010	10000	97510	100000	100000	99568	
5670	8804	97010	10000	97510	100000	100000	99568	
5680	8804	97010	10000	97510	100000	100000	99568	
5690	8789	97010	10000	97510	100000	100000	99568	
5700	8789	97010	10000	97510	100000	100000	99568	
5710	8789	97010	10000	97510	100000	100000	99568	
5720	8789	97010	10000	97510	100000	100000	99568	
5730	8789	97010	10000	97510	100000	100000	99568	
5740	8789	97010	10000	97510	100000	100000	99568	
5750	8789	97010	10000	97360	100000	100000	99568	
5760	8789	97010	10000	97360	100000	100000	99568	
5770	8789	97010	10000	97360	100000	100000	99568	
5780	8789	97010	10000	97360	100000	100000	99568	
5790	8789	97010	10000	97360	100000	100000	99568	
5800	8789	97010	10000	97360	100000	100000	99568	
5810	8789	97010	10000	97360	100000	100000	99568	
5820	8789	97010	10000	97360	100000	100000	99568	
5830	8789	97010	10000	97360	100000	100000	99568	
5840	8789	97010	10000	97360	100000	100000	99568	
5850	8789	97010	10000	97360	100000	100000	99568	
5860	8789	96591	10000	97360	100000	100000	99568	
5870	8789	96591	10000	97360	100000	100000	99568	
5880	8789	96591	10000	97360	100000	100000	99568	
5890	8789	96591	9722	97360	100000	100000	99568	
5900	8789	96591	9722	97360	100000	100000	99568	
5910	8789	96591	9722	97360	100000	100000	99568	
5920	8789	96591	9722	97360	100000	100000	99568	
5930	8789	96591	9722	97360	100000	100000	99568	
5940	8789	96591	9722	97360	100000	100000	99568	
5950	8789	96591	9722	97360	100000	100000	99568	
5960	8789	96591	9722	97360	100000	100000	99568	
5970	8789	96591	9722	97360	100000	100000	99568	
5980	8789	96591	9722	97360	100000	100000	99568	
5990	8789	96591	9722	97360	100000	100000	99568	
6000	8777	96591	9722	97360	100000	100000	99568	
6010	8777	96591	9722	97360	100000	100000	99568	
6020	8777	96591	9722	97360	100000	100000	99568	
6030	8747	96591	9722	97360	100000	100000	99568	
6040	8741	96591	9722	97360	100000	100000	99568	
6050	8741	96591	9722	97360	100000	100000	99568	
6060	8729	96591	9722	97360	100000	100000	99568	
6070	8729	96591	9722	97360	100000	100000	99568	
6080	8729	96591	9722	97360	100000	100000	99568	
6090	8729	96591	9722	97360	100000	100000	99505	
6100	8729	96591	9722	97360	100000	100000	99505	
6110	8729	96591	9722	97360	100000	100000	99505	
6120	8729	96591	9722	97180	100000	100000	99505	
6130	8729	96591	9722	97180	100000	100000	99505	
6140	8729	96591	9722	97180	100000	100000	99505	
6150	8729	96591	9722	97180	100000	100000	99505	
6160	8729	96591	9722	97180	100000	100000	99505	
6170	8729	96591	9722	97180	100000	100000	99505	
6180	8729	96591	9722	97180	100000	100000	99505	
6190	8729	96591	9722	97180	100000	100000	99505	
6200	8729	96591	9722	97180	100000	100000	99505	
6210	8729	96591	9722	97180	100000	100000	99505	
6220	8729	96591	9722	97180	100000	100000	99505	
6230	8729	96591	9722	97180	100000	100000	99505	
6240	8729	96591	9722	97180	100000	100000	99505	
6250	8729	96591	9722	97180	100000	100000	99505	
6260	8729	96591	9722	97180	100000	100000	99505	
6270	8729	96591	9722	97180	100000	100000	99505	
6280	8729	96591	9722	97180	100000	100000	99505	
6290	8729	96591	9722	97180	100000	100000	99505	
6300	8729	96591	9722	97180	100000	100000	99505	
6310	8729	96591	9722	97180	100000	100000	99505	
6320	8729	96591	9722	97180	100000	100000	99505	
6330	8729	96591	9722	97180	100000	100000	99505	
6340	8729	96591	9722	97180	100000	100000	99505	
6350	8729	96591	9722	97180	100000	100000	99505	
6360	8729	96591	9722	97180	100000	100000	99505	
6370	8729	96591	9722	97180	100000	100000	99505	
6380	8729	96591	9722	97180	100000	100000	99505	
6390	8729	96591	9722	97180	100000	100000	99505	
6400	8729	96591	9722	97180	100000	100000	99505	
6410	8717	96591	9722	97180	100000	100000	99505	
6420	8717	96591	9722	97180	100000	100000	99505	
6430	8717	96591	9722	97180	100000	100000	99505	
6440	8687	96591	9722	97180	100000	100000	99505	
6450	8687	96591	9722	97180	100000	100000	99505	
6460	8687	96591	9722	97180	100000	100000	99505	
6470	8687	96591	9722	97180	100000	100000	99505	
6480	8687	96591	9722	97180	100000	100000	99505	
6490	8637	96591	9722	97180	100000	100000	99505	
6500	8631	96591	9722	97180	100000	100000	99505	
6510	8631	96591	9722	97180	100000	100000	99505	
6520	8616	96591	9722	97180	100000	100000	99505	
6530	8616	96591	9722	97180	100000	100000	99505	
6540	8616	96591	9722	97180	100000	100000	99505	
6550	8586	96591	9722	97180	100000	100000	99505	
6560	8586	96591	9722	97180	100000	100000	99505	
6570	8586	96591	9722	97180	100000	100000	99505	
6580	8586	96591	9722	97180	100000	100000	99505	
6590	8586	96591	9722	97180	100000	100000	99505	
6600	8586	96591	9722	97180	100000	100000	99505	
6610	8586	96591	9722	97000	100000	100000	99505	
6620	8586	96591	9722	97000	100000	100000	99505	
6630	8586	96591	9722	97000	100000	100000	99505	
6640	8586	96591	9722	97000	100000	100000	99505	
6650	8586	96591	9722	97000	100000	100000	99505	
6660	8586	96591	9722	97000	100000	100000	99505	
6670	8586	96591	9722	97000	100000	100000	99505	
6680	8586	96591	9722	97000	100000	100000	99505	
6690	8586	96591	9722	97000	100000	100000	99505	
6700	8586	96591	9722	97000	100000	100000	99505	
6710	8586	96152	9722	97000	100000	100000	99505	
6720	8586	96152	9722	97000	100000	100000	99505	
6730	8586	96152	9441	97000	100000	100000	99505	
6740	8586	96152	9441	97000	100000	100000	99505	
6750	8586	96152	9441	97000	100000	100000	99505	
6760	8586	96152	9441	97000	100000	100000	99505	
6770	8586	96152	9441	97000	100000	100000	99505	
6780	8586	96152	9441	97000	100000	100000	99505	
6790	8586	96152	9441	97000	100000	100000	99505	
6800	8586	96152	9441	97000	100000	100000	99505	
6810	8574	96152	9441	97000	100000	100000	99505	
6820	8574	96152	9441	97000	100000	100000	99505	
6830	8574	96152	9441	97000	100000	100000	99505	
6840	8544	96152	9441	97000	100000	100000	99505	
6850	8544	96152	9441	97000	100000	100000	99505	
6860	8538	96152	9441	97000	100000	100000	99505	
6870	8538	96152	9441	97000	100000	100000	99505	
6880	8526	96152	9441	97000	100000	100000	99505	
6890	8526	96152	9441	97000	100000	100000	99505	
6900	8526	96152	9441	97000	100000	100000	99505	
6910	8526	96152	9441	97000	100000	100000	99441	
6920	8526	96152	9441	97000	100000	100000	99441	
6930	8526	96152	9441	96820	100000	100000	99441	
6940	8526	96152	9441	96820	100000	100000	99441	
6950	8526	96152	9441	96820	100000	100000	99441	
6960	8526	96152	9441	96820	100000	100000	99441	
6970	8526	96152	9441	96820	100000	100000	99441	
6980	8526	96152	9441	96820	100000	100000	99441	
6990	8526	96152	9441	96820	100000	100000	99441	
7000	8526	96152	9441	96820	100000	100000	99441	
7010	8526	96152	9441	96820	100000	100000	99441	
7020	8526	96152	9441	96820	100000	100000	99441	
7030	8526	96152	9441	96820	100000	100000	99441	
7040	8526	96152	9441	96820	100000	100000	99441	
7050	8526	96152	9441	96820	100000	100000	99441	
7060	8526	95718	9441	96820	100000	100000	99441	
7070	8526	95718	9441	96820	100000	100000	99441	
7080	8526	95718	9441	96820	100000	100000	99441	
7090	8526	95718	9441	96820	100000	100000	99441	
7100	8526	95718	9441	96820	100000	100000	99441	
7110	8526	95718	9441	96820	100000	100000	99441	
7120	8526	95718	9441	96820	100000	100000	99441	
7130	8526	95718	9441	96820	100000	100000	99441	
7140	8526	95718	9441	96820	100000	100000	99441	
7150	8526	95718	9441	96820	100000	100000	99441	
7160	8526	95718	9441	96820	100000	100000	99441	
7170	8526	95718	9441	96820	100000	100000	99441	
7180	8526	95718	9441	96820	100000	100000	99441	
7190	8514	95718	9441	96820	100000	100000	99441	
7200	8514	95718	9441	96820	100000	100000	99441	
7210	8514	95718	9441	96820	100000	100000	99441	
7220	8484	95718	9441	96820	100000	100000	99441	
7230	8478	95718	9441	96820	100000	100000	99441	
7240	8478	95718	9441	96820	100000	100000	99441	
7250	8478	95718	9441	96820	100000	100000	99441	
7260	8478	95718	9441	96820	100000	100000	99441	
7270	8478	95718	9441	96820	100000	100000	99441	
7280	8478	95718	9441	96820	100000	100000	99441	
7290	8478	95718	9441	96820	100000	100000	99441	
7300	8478	95718	9441	96820	100000	100000	99441	
7310	8478	95718	9441	96640	100000	100000	99441	
7320	8478	95718	9441	96640	100000	100000	99441	
7330	8478	95718	9441	96640	100000	100000	99441	
7340	8478	95718	9441	96640	100000	100000	99441	
7350	8478	95718	9441	96640	100000	100000	99441	
7360	8478	95718	9441	96640	100000	100000	99441	
7370	8478	95718	9441	96640	100000	100000	99441	
7380	8478	95718	9441	96640	100000	100000	99441	
7390	8478	95718	9441	96640	100000	100000	99441	
7400	8478	95718	9441	96640	100000	100000	99441	
7410	8478	95718	9441	96640	100000	100000	99441	
7420	8478	95718	9441	96640	100000	100000	99441	
7430	8478	95718	9441	96640	100000	100000	99441	
7440	8478	95718	9441	96640	100000	100000	99441	
7450	8478	95718	9441	96640	100000	100000	99441	
7460	8478	95718	9441	96640	100000	100000	99441	
7470	8478	95718	9441	96640	100000	100000	99441	
7480	8478	95718	9441	96640	100000	100000	99441	
7490	8478	95718	9441	96640	100000	100000	99441	
7500	8478	95718	9441	96640	100000	100000	99441	
7510	8478	95718	9441	96640	100000	100000	99441	
7520	8478	95718	9441	96640	100000	100000	99441	
7530	8478	95718	9441	96640	100000	100000	99441	
7540	8478	95718	9441	96640	100000	100000	99441	
7550	8478	95718	9441	96640	100000	100000	99441	
7560	8478	95718	9441	96640	100000	100000	99441	
7570	8478	95718	9441	96640	100000	100000	99441	
7580	8478	95718	9441	96640	100000	100000	99441	
7590	8478	95718	9441	96640	100000	100000	99441	
7600	8466	95718	9441	96640	100000	100000	99441	
7610	8466	95718	9441	96640	100000	100000	99441	
7620	8466	95718	9441	96640	100000	100000	99441	
7630	8436	95718	9441	96640	100000	100000	99441	
7640	8436	95718	9441	96640	100000	100000	99441	
7650	8436	95718	9441	96640	100000	100000	99441	
7660	8436	95718	9441	96640	100000	100000	99441	
7670	8436	95718	9441	96640	100000	100000	99441	
7680	8386	95718	9441	96640	100000	100000	99441	
7690	8380	95718	9441	96640	100000	100000	99441	
7700	8380	95718	9441	96640	100000	100000	99441	
7710	8365	95718	9441	96640	100000	100000	99441	
7720	8365	95718	9441	96640	100000	100000	99441	
7730	8353	95718	9441	96640	100000	100000	99441	
7740	8353	95718	9441	96640	100000	100000	99441	
7750	8353	95718	9441	96640	100000	100000	99441	
7760	8353	95718	9441	96640	100000	100000	99378	
7770	8353	95718	9441	96640	100000	100000	99378	
7780	8353	95718	9441	96640	100000	100000	99378	
7790	8353	95718	9441	96640	100000	100000	99378	
7800	8353	95718	9441	96460	100000	100000	99378	
7810	8353	95718	9441	96460	100000	100000	99378	
7820	8353	95718	9441	96460	100000	100000	99378	
7830	8353	95718	9441	96460	100000	100000	99378	
7840	8353	95718	9441	96460	100000	100000	99378	
7850	8353	95718	9441	96460	100000	100000	99378	
7860	8353	95718	9441	96460	100000	100000	99378	
7870	8353	95718	9441	96460	100000	100000	99378	
7880	8353	95718	9441	96460	100000	100000	99378	
7890	8353	95718	9441	96460	100000	100000	99378	
7900	8353	95299	9441	96460	100000	100000	99378	
7910	8353	95299	9163	96460	100000	100000	99378	
7920	8353	95299	9163	96460	100000	100000	99378	
7930	8353	95299	9163	96460	100000	100000	99378	
7940	8353	95299	9163	96460	100000	100000	99378	
7950	8353	95299	9163	96460	100000	100000	99378	
7960	8353	95299	9163	96460	100000	100000	99378	
7970	8353	95299	9163	96460	100000	100000	99378	
7980	8353	95299	9163	96460	100000	100000	99378	
7990	8341	95299	9163	96460	100000	100000	99378	
8000	8341	95299	9163	96460	100000	100000	99378	
8010	8341	95299	9163	96460	100000	100000	99378	
8020	8311	95299	9163	96460	100000	100000	99378	
8030	8305	95299	9163	96460	100000	100000	99378	
8040	8305	95299	9163	96460	100000	100000	99378	
8050	8305	95299	9163	96460	100000	100000	99378	
8060	8305	95299	9163	96460	100000	100000	99378	
8070	8305	95299	9163	96460	100000	100000	99378	
8080	8305	95299	9163	96460	100000	100000	99378	
8090	8305	95299	9163	96460	100000	100000	99378	
8100	8305	95299	9163	96460	100000	100000	99378	
8110	8305	95299	9163	96280	100000	100000	99378	
8120	8305	95299	9163	96280	100000	100000	99378	
8130	8305	95299	9163	96280	100000	100000	99378	
8140	8305	95299	9163	96280	100000	100000	99378	
8150	8305	95299	9163	96280	100000	100000	99378	
8160	8305	95299	9163	96280	100000	100000	99378	
8170	8305	95299	9163	96280	100000	100000	99378	
8180	8305	95299	9163	96280	100000	100000	99378	
8190	8305	95299	9163	96280	100000	100000	99378	
8200	8305	95299	9163	96280	100000	100000	99378	
8210	8305	95299	9163	96280	100000	100000	99378	
8220	8305	95299	9163	96280	100000	100000	99378	
8230	8305	95299	9163	96280	100000	100000	99378	
8240	8305	95299	9163	96280	100000	100000	99378	
8250	8305	95299	9163	96280	100000	100000	99378	
8260	8305	95299	9163	96280	100000	100000	99378	
8270	8305	95299	9163	96280	100000	100000	99378	
8280	8305	95299	9163	96280	100000	100000	99378	
8290	8305	95299	9163	96280	100000	100000	99378	
8300	8305	95299	9163	96280	100000	100000	99378	
8310	8305	95299	9163	96280	100000	100000	99378	
8320	8305	95299	9163	96280	100000	100000	99378	
8330	8305	95299	9163	96280	100000	100000	99378	
8340	8305	95299	9163	96280	100000	100000	99378	
8350	8305	95299	9163	96280	100000	100000	99378	
8360	8305	95299	9163	96280	100000	100000	99378	
8370	8305	95299	9163	96280	100000	100000	99378	
8380	8305	95299	9163	96280	100000	100000	99378	
8390	8305	95299	9163	96280	100000	100000	99378	
8400	8293	95299	9163	96280	100000	100000	99378	
8410	8293	95299	9163	96280	100000	100000	99378	
8420	8293	95299	9163	96280	100000	100000	99378	
8430	8263	95299	9163	96280	100000	100000	99378	
8440	8263	95299	9163	96280	100000	100000	99378	
8450	8263	95299	9163	96280	100000	100000	99378	
8460	8263	95299	9163	96280	100000	100000	99378	
8470	8263	95299	9163	96280	100000	100000	99378	
8480	8213	95299	9163	96280	100000	100000	99378	
8490	8207	95299	9163	96280	100000	100000	99378	
8500	8207	95299	9163	96280	100000	100000	99378	
8510	8192	95299	9163	96280	100000	100000	99378	
8520	8192	95299	9163	96280	100000	100000	99378	
8530	8180	95299	9163	96280	100000	100000	99378	
8540	8180	95299	9163	96280	100000	100000	99378	
8550	8180	95299	9163	96280	100000	100000	99378	
8560	8180	95299	9163	96280	100000	100000	99316	
8570	8180	95299	9163	96280	100000	100000	99316	
8580	8180	95299	9163	96280	100000	100000	99316	
8590	8180	95299	9163	96280	100000	100000	99316	
8600	8180	95299	9163	96100	100000	100000	99316	
8610	8180	95299	9163	96100	100000	100000	99316	
8620	8180	95299	9163	96100	100000	100000	99316	
8630	8180	95299	9163	96100	100000	100000	99316	
