time	manip	gran	press	averat	laba	proba	StZn	cell_1	cell_2	cell_3
1	0	1	0	6	0	0	4	4	0	0	
2	0	1	0	6	0	0	4	4	0	0	
3	0	1	0	6	0	0	4	4	0	0	
4	0	1	0	6	0	0	4	4	0	0	
5	0	1	0	6	0	0	4	4	0	0	
6	0	1	0	6	0	0	4	4	0	0	
7	0	1	0	6	0	0	4	4	0	0	
8	0	1	0	6	0	0	4	4	0	0	
9	0	1	0	6	0	0	4	4	0	0	
10	0	1	0	6	0	0	4	4	0	0	
11	0	1	0	6	0	0	4	4	0	0	
12	0	1	0	6	0	0	4	4	0	0	
13	0	1	0	6	0	0	4	4	0	0	
14	0	1	0	6	0	0	4	4	0	0	
15	0	1	0	6	0	0	4	4	0	0	
16	0	1	0	6	0	0	4	4	0	0	
17	0	1	0	6	0	0	4	4	0	0	
18	0	1	0	6	0	0	4	4	0	0	
19	0	1	0	6	0	0	4	4	0	0	
20	0	1	0	6	0	0	4	4	0	0	
21	0	1	0	6	0	0	4	4	0	0	
22	0	1	0	6	0	0	4	4	0	0	
23	0	1	0	6	0	0	4	4	0	0	
24	0	1	0	6	0	0	4	4	0	0	
25	0	1	0	6	0	0	4	4	0	0	
26	0	1	0	6	0	0	4	4	0	0	
27	0	1	0	6	0	0	4	4	0	0	
28	0	1	0	6	0	0	4	4	0	0	
29	0	1	0	6	0	0	4	4	0	0	
30	0	2	0	6	0	0	4	4	0	0	
31	0	2	0	6	0	0	6	4	0	0	
32	0	2	0	6	0	0	6	4	0	0	
33	0	2	0	6	0	0	6	4	0	0	
34	0	2	0	6	0	0	6	4	0	0	
35	0	2	0	6	0	0	6	4	0	0	
36	0	2	0	6	0	0	6	4	0	0	
37	0	2	0	6	0	0	6	4	0	0	
38	0	2	0	6	0	0	6	4	0	0	
39	0	2	0	6	0	0	6	4	0	0	
40	0	2	0	6	0	0	6	4	0	0	
41	0	2	0	6	0	0	6	4	0	0	
42	0	2	0	6	0	0	6	4	0	0	
43	0	2	0	6	0	0	6	4	0	0	
44	0	2	0	6	0	0	6	4	0	0	
45	0	2	0	6	0	0	6	4	0	0	
46	0	2	0	6	0	0	6	4	0	0	
47	0	2	0	6	0	0	6	4	0	0	
48	0	2	0	6	0	0	6	4	0	0	
49	0	2	0	6	0	0	6	4	0	0	
50	0	2	0	6	0	0	6	4	0	0	
51	0	2	0	6	0	0	6	4	0	0	
52	0	2	0	6	0	0	6	4	0	0	
53	0	2	0	6	0	0	6	4	0	0	
54	0	2	0	6	0	0	6	4	0	0	
55	0	2	0	6	0	0	6	4	0	0	
56	0	2	0	6	0	0	6	4	0	0	
57	0	2	0	6	0	0	6	4	0	0	
58	0	2	0	6	0	0	6	4	0	0	
59	0	2	0	6	0	0	6	4	0	0	
60	0	2	0	6	0	0	6	4	0	0	
61	0	2	0	6	0	0	6	4	0	0	
62	0	2	0	6	0	0	6	4	0	0	
63	0	2	0	6	0	0	6	4	0	0	
64	0	2	0	6	0	0	6	4	0	0	
65	0	2	0	6	0	0	6	4	0	0	
66	0	2	0	6	0	0	6	4	0	0	
67	0	2	0	6	0	0	6	4	0	0	
68	0	2	0	6	0	0	6	4	0	0	
69	0	2	0	6	0	0	6	4	0	0	
70	0	2	0	6	0	0	6	4	0	0	
71	0	2	0	6	0	0	6	4	0	0	
72	0	2	0	6	0	0	6	4	0	0	
73	0	2	0	6	0	0	6	4	0	0	
74	0	2	0	6	0	0	6	4	0	0	
75	0	2	0	6	0	0	6	4	0	0	
76	0	2	0	6	0	0	6	4	0	0	
77	0	2	0	6	0	0	6	4	0	0	
78	0	2	0	6	0	0	6	4	0	0	
79	0	2	0	6	0	0	6	4	0	0	
80	0	2	0	6	0	0	6	4	0	0	
81	0	2	0	6	0	0	6	4	0	0	
82	0	2	0	6	0	0	6	4	0	0	
83	0	2	0	6	0	0	6	4	0	0	
84	0	2	0	6	0	0	6	4	0	0	
85	0	2	0	6	0	0	6	4	0	0	
86	0	2	0	6	0	0	6	4	0	0	
87	0	2	0	6	0	0	6	4	0	0	
88	0	2	0	6	0	0	6	4	0	0	
89	0	2	0	6	0	0	6	4	0	0	
90	0	2	0	6	0	0	6	4	0	0	
91	0	2	0	6	0	0	6	4	0	0	
92	0	2	0	6	0	0	6	4	0	0	
93	0	2	0	6	0	0	6	4	0	0	
94	0	2	0	6	0	0	6	4	0	0	
95	0	2	0	6	0	0	6	4	0	0	
96	0	2	0	6	0	0	6	4	0	0	
97	7	2	0	0	0	0	6	4	0	0	
98	7	2	0	0	0	0	6	4	0	0	
99	7	2	0	0	0	0	6	4	0	0	
100	7	2	0	0	0	0	6	4	0	0	
101	7	2	0	0	0	0	6	4	0	0	
102	7	2	0	0	0	0	6	4	0	0	
103	7	2	0	0	0	0	6	4	0	0	
104	7	2	0	0	0	0	6	4	0	0	
105	7	2	0	0	0	0	6	4	0	0	
106	7	2	0	0	0	0	6	4	0	0	
107	7	2	0	0	0	0	6	4	0	0	
108	7	2	0	0	0	0	6	4	0	0	
109	2	0	0	0	0	7	6	4	0	0	
110	2	0	0	0	0	7	6	4	0	0	
111	2	0	0	0	0	7	6	4	0	0	
112	2	0	0	0	0	7	6	4	0	0	
113	2	0	0	0	0	7	6	4	0	0	
114	2	0	0	0	0	7	6	4	0	0	
115	2	0	0	0	7	7	6	4	0	0	
116	2	0	0	0	7	7	6	4	0	0	
117	2	0	0	0	7	7	6	4	0	0	
118	2	0	0	0	7	7	6	4	0	0	
119	2	0	0	0	7	7	6	4	0	0	
120	2	0	0	0	7	7	6	4	0	0	
121	2	0	0	0	7	7	6	4	0	0	
122	2	0	0	0	7	7	6	4	0	0	
123	2	0	0	0	7	7	6	4	0	0	
124	2	0	0	0	7	7	6	4	0	0	
125	2	0	0	0	7	7	6	4	0	0	
126	2	0	0	0	7	7	6	4	0	0	
127	2	0	0	0	7	7	6	4	0	0	
128	2	0	0	0	7	7	6	4	0	0	
129	2	0	0	0	7	7	6	4	0	0	
130	2	0	0	0	7	7	6	4	0	0	
131	2	0	0	0	7	7	6	4	0	0	
132	2	0	0	0	7	7	6	4	0	0	
133	2	0	0	0	7	7	6	4	0	0	
134	2	0	0	0	7	7	6	4	0	0	
135	2	0	0	0	7	7	6	4	0	0	
136	2	0	0	0	7	7	6	4	0	0	
137	2	0	0	0	7	7	6	4	0	0	
138	2	0	0	0	7	7	6	4	0	0	
139	7	0	0	2	7	0	6	4	0	0	
140	7	0	0	2	7	0	6	4	0	0	
141	7	0	0	2	7	0	6	4	0	0	
142	7	0	0	2	7	0	6	4	0	0	
143	7	0	0	2	7	0	6	4	0	0	
144	7	0	0	2	7	0	6	4	0	0	
145	0	0	0	2	7	0	6	4	7	0	
146	0	0	0	2	7	0	6	4	7	0	
147	0	0	0	2	7	0	6	4	7	0	
148	0	0	0	2	7	0	6	4	7	0	
149	0	0	0	2	7	0	6	4	7	0	
150	0	0	0	2	7	0	6	4	7	0	
151	0	0	0	2	7	0	6	4	7	0	
152	0	0	0	2	7	0	6	4	7	0	
153	0	0	0	2	7	0	6	4	7	0	
154	0	0	0	2	7	0	6	4	7	0	
155	0	0	0	2	7	0	6	4	7	0	
156	0	0	0	2	7	0	6	4	7	0	
157	0	0	0	2	7	0	6	4	7	0	
158	0	0	0	2	7	0	6	4	7	0	
159	0	0	0	2	7	0	6	4	7	0	
160	0	0	0	2	7	0	6	4	7	0	
161	0	0	0	2	7	0	6	4	7	0	
162	0	0	0	2	7	0	6	4	7	0	
163	0	0	0	2	7	0	6	4	7	0	
164	0	0	0	2	7	0	6	4	7	0	
165	0	0	0	2	7	0	6	4	7	0	
166	0	0	0	2	7	0	6	4	7	0	
167	0	0	0	2	7	0	6	4	7	0	
168	0	0	0	2	7	0	6	4	7	0	
169	0	0	0	2	7	0	6	4	7	0	
170	0	0	0	2	7	0	6	4	7	0	
171	0	0	0	2	7	0	6	4	7	0	
172	0	0	0	2	7	0	6	4	7	0	
173	0	0	0	2	7	0	6	4	7	0	
174	0	0	0	2	7	0	6	4	7	0	
175	0	0	0	2	7	0	6	4	7	0	
176	0	0	0	2	7	0	6	4	7	0	
177	0	0	0	2	7	0	6	4	7	0	
178	0	0	0	2	7	0	6	4	7	0	
179	0	0	0	2	7	0	6	4	7	0	
180	0	0	0	2	7	0	6	4	7	0	
181	0	0	0	2	7	0	6	4	7	0	
182	0	0	0	2	7	0	6	4	7	0	
183	0	0	0	2	7	0	6	4	7	0	
184	0	0	0	2	7	0	6	4	7	0	
185	0	0	0	2	7	0	6	4	7	0	
186	0	0	0	2	7	0	6	4	7	0	
187	0	0	0	2	7	0	6	4	7	0	
188	0	0	0	2	7	0	6	4	7	0	
189	0	0	0	2	7	0	6	4	7	0	
190	0	0	0	2	7	0	6	4	7	0	
191	0	0	0	2	7	0	6	4	7	0	
192	0	0	0	2	7	0	6	4	7	0	
193	0	0	0	2	7	0	6	4	7	0	
194	0	0	0	2	7	0	6	4	7	0	
195	0	0	0	2	7	0	6	4	7	0	
196	0	0	0	2	7	0	6	4	7	0	
197	0	0	0	2	7	0	6	4	7	0	
198	0	0	0	2	7	0	6	4	7	0	
199	0	0	0	2	7	0	6	4	7	0	
200	0	0	0	2	7	0	6	4	7	0	
201	0	0	0	2	7	0	6	4	7	0	
202	0	0	0	2	7	0	6	4	7	0	
203	0	0	0	2	7	0	6	4	7	0	
204	0	0	0	2	7	0	6	4	7	0	
205	0	0	0	2	7	0	6	4	7	0	
206	0	0	0	2	7	0	6	4	7	0	
207	0	0	0	2	7	0	6	4	7	0	
208	0	0	0	2	7	0	6	4	7	0	
209	0	0	0	2	7	0	6	4	7	0	
210	0	0	0	2	7	0	6	4	7	0	
211	0	0	0	2	7	0	6	4	7	0	
212	0	0	0	2	7	0	6	4	7	0	
213	0	0	0	2	7	0	6	4	7	0	
214	0	0	0	2	7	0	6	4	7	0	
215	0	0	0	2	7	0	6	4	7	0	
216	0	0	0	2	7	0	6	4	7	0	
217	0	0	0	2	7	0	6	4	7	0	
218	0	0	0	2	7	0	6	4	7	0	
219	0	0	0	2	7	0	6	4	7	0	
220	0	0	0	2	7	0	6	4	7	0	
221	0	0	0	2	7	0	6	4	7	0	
222	0	0	0	2	7	0	6	4	7	0	
223	0	0	0	2	7	0	6	4	7	0	
224	0	0	0	2	7	0	6	4	7	0	
225	0	0	0	2	7	0	6	4	7	0	
226	0	0	0	2	7	0	6	4	7	0	
227	0	0	0	2	7	0	6	4	7	0	
228	0	0	0	2	7	0	6	4	7	0	
229	0	0	0	2	7	0	6	4	7	0	
230	0	0	0	2	7	0	6	4	7	0	
231	0	0	0	2	7	0	6	4	7	0	
232	0	0	0	2	7	0	6	4	7	0	
233	0	0	0	2	7	0	6	4	7	0	
234	3	0	0	0	7	0	6	4	7	0	
235	3	0	0	0	7	0	6	4	7	0	
236	3	0	0	0	7	0	6	4	7	0	
237	3	0	0	0	7	0	6	4	7	0	
238	3	0	0	0	7	0	6	4	7	0	
239	3	0	0	0	7	0	6	4	7	0	
240	3	0	0	0	7	0	6	4	7	0	
241	3	0	0	0	7	0	6	4	7	0	
242	3	0	0	0	7	0	6	4	7	0	
243	3	0	0	0	7	0	6	4	7	0	
244	3	0	0	0	7	0	6	4	7	0	
245	3	0	0	0	7	0	6	4	7	0	
246	6	0	0	0	7	3	0	4	7	0	
247	6	0	0	0	7	3	0	4	7	0	
248	6	0	0	0	7	3	0	4	7	0	
249	6	0	0	0	7	3	0	4	7	0	
250	6	0	0	0	7	3	0	4	7	0	
251	6	0	0	0	7	3	0	4	7	0	
252	6	0	0	0	7	3	0	4	7	0	
253	6	0	0	0	7	3	0	4	7	0	
254	6	0	0	0	7	3	0	4	7	0	
255	6	0	0	0	7	3	0	4	7	0	
256	6	0	0	0	7	3	0	4	7	0	
257	6	0	0	0	7	3	0	4	7	0	
258	6	0	0	0	7	3	0	4	7	0	
259	6	0	0	0	7	3	0	4	7	0	
260	6	0	0	0	7	3	0	4	7	0	
261	3	0	0	6	7	0	0	4	7	0	
262	3	0	0	6	7	0	0	4	7	0	
263	3	0	0	6	7	0	0	4	7	0	
264	3	0	0	6	7	0	0	4	7	0	
265	3	0	0	6	7	0	0	4	7	0	
266	3	0	0	6	7	0	0	4	7	0	
267	4	0	0	6	7	0	0	0	7	3	
268	4	0	0	6	7	0	0	0	7	3	
269	4	0	0	6	7	0	0	0	7	3	
270	4	0	0	6	7	0	0	0	7	3	
271	4	0	0	6	7	0	0	0	7	3	
272	4	0	0	6	7	0	0	0	7	3	
273	4	0	0	6	7	0	0	0	7	3	
274	4	0	0	6	7	0	0	0	7	3	
275	4	0	0	6	7	0	0	0	7	3	
276	4	0	0	6	7	0	0	0	7	3	
277	4	0	0	6	7	0	0	0	7	3	
278	4	0	0	6	7	0	0	0	7	3	
279	0	0	0	6	7	0	4	0	7	3	
280	0	0	0	6	7	0	4	0	7	3	
281	0	0	0	6	7	0	4	0	7	3	
282	0	0	0	6	7	0	4	0	7	3	
283	0	0	0	6	7	0	4	0	7	3	
284	0	0	0	6	7	0	4	0	7	3	
285	0	0	0	6	7	0	4	0	7	3	
286	0	0	0	6	7	0	4	0	7	3	
287	0	0	0	6	7	0	4	0	7	3	
288	0	0	0	6	7	0	4	0	7	3	
289	0	0	0	6	7	0	4	0	7	3	
290	0	0	0	6	7	0	4	0	7	3	
291	0	0	0	6	7	0	4	0	7	3	
292	0	0	0	6	7	0	4	0	7	3	
293	0	0	0	6	7	0	4	0	7	3	
294	0	0	0	6	7	0	4	0	7	3	
295	0	0	0	6	7	0	4	0	7	3	
296	0	0	0	6	7	0	4	0	7	3	
297	0	0	0	6	7	0	4	0	7	3	
298	0	0	0	6	7	0	4	0	7	3	
299	0	0	0	6	7	0	4	0	7	3	
300	0	0	0	6	7	0	4	0	7	3	
301	0	0	0	6	7	0	4	0	7	3	
302	0	0	0	6	7	0	4	0	7	3	
303	0	0	0	6	7	0	4	0	7	3	
304	0	0	0	6	7	0	4	0	7	3	
305	0	0	0	6	7	0	4	0	7	3	
306	0	0	0	6	7	0	4	0	7	3	
307	0	0	0	6	7	0	4	0	7	3	
308	0	0	0	6	7	0	4	0	7	3	
309	0	0	0	6	7	0	6	0	7	3	
310	0	0	0	6	7	0	6	0	7	3	
311	0	0	0	6	7	0	6	0	7	3	
312	0	0	0	6	7	0	6	0	7	3	
313	0	0	0	6	7	0	6	0	7	3	
314	0	0	0	6	7	0	6	0	7	3	
315	0	0	0	6	7	0	6	0	7	3	
316	0	0	0	6	7	0	6	0	7	3	
317	0	0	0	6	7	0	6	0	7	3	
318	0	0	0	6	7	0	6	0	7	3	
319	0	0	0	6	7	0	6	0	7	3	
320	0	0	0	6	7	0	6	0	7	3	
321	0	0	0	6	7	0	6	0	7	3	
322	0	0	0	6	7	0	6	0	7	3	
323	0	0	0	6	7	0	6	0	7	3	
324	0	0	0	6	7	0	6	0	7	3	
325	0	0	0	6	7	0	6	0	7	3	
326	0	0	0	6	7	0	6	0	7	3	
327	0	0	0	6	7	0	6	0	7	3	
328	0	0	0	6	7	0	6	0	7	3	
329	0	0	0	6	7	0	6	0	7	3	
330	0	0	0	6	7	0	6	0	7	3	
331	0	0	0	6	7	0	6	0	7	3	
332	0	0	0	6	7	0	6	0	7	3	
333	0	0	0	6	7	0	6	0	7	3	
334	0	0	0	6	7	0	6	0	7	3	
335	0	0	0	6	7	0	6	0	7	3	
336	0	0	0	6	7	0	6	0	7	3	
337	0	0	0	6	7	0	6	0	7	3	
338	0	0	0	6	7	0	6	0	7	3	
339	0	0	0	6	7	0	6	0	7	3	
340	0	0	0	6	7	0	6	0	7	3	
341	0	0	0	6	7	0	6	0	7	3	
342	0	0	0	6	7	0	6	0	7	3	
343	0	0	0	6	7	0	6	0	7	3	
344	0	0	0	6	7	0	6	0	7	3	
345	0	0	0	6	7	0	6	0	7	3	
346	0	0	0	6	7	0	6	0	7	3	
347	0	0	0	6	7	0	6	0	7	3	
348	0	0	0	6	7	0	6	0	7	3	
349	0	0	0	6	7	0	6	0	7	3	
350	0	0	0	6	7	0	6	0	7	3	
351	0	0	0	6	7	0	6	0	7	3	
352	0	0	0	6	7	0	6	0	7	3	
353	0	0	0	6	7	0	6	0	7	3	
354	0	0	0	6	7	0	6	0	7	3	
355	0	0	0	6	7	0	6	0	7	3	
356	0	0	0	6	7	0	6	0	7	3	
357	0	0	0	6	7	0	6	0	7	3	
358	0	0	0	6	7	0	6	0	7	3	
359	0	0	0	6	7	0	6	0	7	3	
360	0	0	0	6	7	0	6	0	7	3	
361	7	0	0	0	7	0	6	0	7	3	
362	7	0	0	0	7	0	6	0	7	3	
363	7	0	0	0	7	0	6	0	7	3	
364	7	0	0	0	7	0	6	0	7	3	
365	7	0	0	0	7	0	6	0	7	3	
366	7	0	0	0	7	0	6	0	7	3	
367	7	0	0	0	7	0	6	0	7	3	
368	7	0	0	0	7	0	6	0	7	3	
369	7	0	0	0	7	0	6	0	7	3	
370	7	0	0	0	7	0	6	0	7	3	
371	7	0	0	0	7	0	6	0	7	3	
372	7	0	0	0	7	0	6	0	7	3	
373	6	0	0	0	7	7	0	0	7	3	
374	6	0	0	0	7	7	0	0	7	3	
375	6	0	0	0	7	7	0	0	7	3	
376	6	0	0	0	7	7	0	0	7	3	
377	6	0	0	0	7	7	0	0	7	3	
378	6	0	0	0	7	7	0	0	7	3	
379	6	0	0	0	7	7	0	0	7	3	
380	6	0	0	0	7	7	0	0	7	3	
381	6	0	0	0	7	7	0	0	7	3	
382	6	0	0	0	7	7	0	0	7	3	
383	6	0	0	0	7	7	0	0	7	3	
384	6	0	0	0	7	7	0	0	7	3	
385	6	0	0	0	7	7	0	0	7	3	
386	6	0	0	0	7	7	0	0	7	3	
387	6	0	0	0	7	7	0	0	7	3	
388	7	0	0	6	7	0	0	0	7	3	
389	7	0	0	6	7	0	0	0	7	3	
390	7	0	0	6	7	0	0	0	7	3	
391	7	0	0	6	7	0	0	0	7	3	
392	7	0	0	6	7	0	0	0	7	3	
393	7	0	0	6	7	0	0	0	7	3	
394	0	0	0	6	7	0	0	7	7	3	
395	0	0	0	6	7	0	0	7	7	3	
396	0	0	0	6	7	0	0	7	7	3	
397	0	0	0	6	7	0	0	7	7	3	
398	0	0	0	6	7	0	0	7	7	3	
399	0	0	0	6	7	0	0	7	7	3	
400	0	0	0	6	7	0	0	7	7	3	
401	0	0	0	6	7	0	0	7	7	3	
402	0	0	0	6	7	0	0	7	7	3	
403	0	0	0	6	7	0	0	7	7	3	
404	0	0	0	6	7	0	0	7	7	3	
405	0	0	0	6	7	0	0	7	7	3	
406	0	0	0	6	7	0	0	7	7	3	
407	0	0	0	6	7	0	0	7	7	3	
408	0	0	0	6	7	0	0	7	7	3	
409	0	0	0	6	7	0	0	7	7	3	
410	0	0	0	6	7	0	0	7	7	3	
411	0	0	0	6	7	0	0	7	7	3	
412	0	0	0	6	7	0	0	7	7	3	
413	0	0	0	6	7	0	0	7	7	3	
414	0	0	0	6	7	0	0	7	7	3	
415	0	0	0	6	7	0	0	7	7	3	
416	0	0	0	6	7	0	0	7	7	3	
417	0	0	0	6	7	0	0	7	7	3	
418	0	0	0	6	7	0	0	7	7	3	
419	0	0	0	6	7	0	0	7	7	3	
420	0	0	0	6	7	0	0	7	7	3	
421	0	0	0	6	7	0	0	7	7	3	
422	0	0	0	6	7	0	0	7	7	3	
423	0	0	0	6	7	0	0	7	7	3	
424	0	0	0	6	7	0	0	7	7	3	
425	0	0	0	6	7	0	0	7	7	3	
426	0	0	0	6	7	0	0	7	7	3	
427	0	0	0	6	7	0	0	7	7	3	
428	0	0	0	6	7	0	0	7	7	3	
429	0	0	0	6	7	0	0	7	7	3	
430	0	0	0	6	7	0	0	7	7	3	
431	0	0	0	6	7	0	0	7	7	3	
432	0	0	0	6	7	0	0	7	7	3	
433	0	0	0	6	7	0	0	7	7	3	
434	0	0	0	6	7	0	0	7	7	3	
435	0	0	0	6	7	0	0	7	7	3	
436	0	0	0	6	7	0	0	7	7	3	
437	0	0	0	6	7	0	0	7	7	3	
438	0	0	0	6	7	0	0	7	7	3	
439	0	0	0	6	7	0	0	7	7	3	
440	0	0	0	6	7	0	0	7	7	3	
441	0	0	0	6	7	0	0	7	7	3	
442	0	0	0	6	7	0	0	7	7	3	
443	0	0	0	6	7	0	0	7	7	3	
444	0	0	0	6	7	0	0	7	7	3	
445	0	0	0	6	7	0	0	7	7	3	
446	0	0	0	6	7	0	0	7	7	3	
447	0	0	0	6	7	0	0	7	7	3	
448	7	0	0	0	7	0	0	7	7	3	
449	7	0	0	0	7	0	0	7	7	3	
450	7	0	0	0	7	0	0	7	7	3	
451	7	0	0	0	7	0	0	7	7	3	
452	7	0	0	0	7	0	0	7	7	3	
453	7	0	0	0	7	0	0	7	7	3	
454	7	0	0	0	7	0	0	7	7	3	
455	7	0	0	0	7	0	0	7	7	3	
456	7	0	0	0	7	0	0	7	7	3	
457	7	0	0	0	7	0	0	7	7	3	
458	7	0	0	0	7	0	0	7	7	3	
459	7	0	0	0	7	0	0	7	7	3	
460	0	0	0	0	7	7	0	7	7	3	
461	0	0	0	0	7	7	0	7	7	3	
462	0	0	0	0	7	7	0	7	7	3	
463	0	0	0	0	7	7	0	7	7	3	
464	0	0	0	0	7	7	0	7	7	3	
465	0	0	0	0	7	7	0	7	7	3	
466	0	0	0	0	7	7	0	7	7	3	
467	0	0	0	0	7	7	0	7	7	3	
468	0	0	0	0	7	7	0	7	7	3	
469	0	0	0	0	7	7	0	7	7	3	
470	0	0	0	0	7	7	0	7	7	3	
471	0	0	0	0	7	7	0	7	7	3	
472	0	0	0	0	7	7	0	7	7	3	
473	0	0	0	0	7	7	0	7	7	3	
474	0	0	0	0	7	7	0	7	7	3	
475	0	0	0	0	7	7	0	7	7	3	
476	0	0	0	0	7	7	0	7	7	3	
477	0	0	0	0	7	7	0	7	7	3	
478	0	0	0	0	7	7	0	7	7	3	
479	0	0	0	0	7	7	0	7	7	3	
480	0	0	0	0	7	7	0	7	7	3	
481	0	0	0	0	7	7	0	7	7	3	
482	0	0	0	0	7	7	0	7	7	3	
483	0	0	0	0	7	7	0	7	7	3	
484	0	0	0	0	7	7	0	7	7	3	
485	0	0	0	0	7	7	0	7	7	3	
486	0	0	0	0	7	7	0	7	7	3	
487	0	0	0	0	7	7	0	7	7	3	
488	0	0	0	0	7	7	0	7	7	3	
489	0	0	0	0	7	7	0	7	7	3	
490	0	0	0	0	7	7	0	7	7	3	
491	0	0	0	0	7	7	0	7	7	3	
492	0	0	0	0	7	7	0	7	7	3	
493	0	0	0	0	7	7	0	7	7	3	
494	0	0	0	0	7	7	0	7	7	3	
495	0	0	0	0	7	7	0	7	7	3	
496	0	0	0	0	7	7	0	7	7	3	
497	0	0	0	0	7	7	0	7	7	3	
498	0	0	0	0	7	7	0	7	7	3	
499	8	0	0	0	3	7	0	7	0	3	
500	8	0	0	0	3	7	0	7	0	3	
501	8	0	0	0	3	7	0	7	0	3	
502	8	0	0	0	3	7	0	7	0	3	
503	8	0	0	0	3	7	0	7	0	3	
504	8	0	0	0	3	7	0	7	0	3	
505	8	0	0	0	3	7	0	7	0	3	
506	8	0	0	0	3	7	0	7	0	3	
507	8	0	0	0	3	7	0	7	0	3	
508	8	0	0	0	3	7	0	7	0	3	
509	8	0	0	0	3	7	0	7	0	3	
510	8	0	0	0	3	7	0	7	0	3	
511	8	0	0	0	3	7	0	7	0	3	
512	8	0	0	0	3	7	0	7	0	3	
513	8	0	0	0	3	7	0	7	0	3	
514	8	0	0	0	3	7	0	7	0	3	
515	8	0	0	0	3	7	0	7	0	3	
516	8	0	0	0	3	7	0	7	0	3	
517	8	0	0	0	3	7	0	7	0	3	
518	8	0	0	0	3	7	0	7	0	3	
519	8	0	0	0	3	7	0	7	0	3	
520	8	0	0	0	3	7	0	7	0	3	
521	8	0	0	0	3	7	0	7	0	3	
522	8	0	0	0	3	7	0	7	0	3	
523	8	0	0	0	3	7	0	7	0	3	
524	8	0	0	0	3	7	0	7	0	3	
525	8	0	0	0	3	7	0	7	0	3	
526	8	0	0	0	3	7	0	7	0	3	
527	8	0	0	0	3	7	0	7	0	3	
528	8	0	0	0	3	7	0	7	0	3	
529	1	0	0	0	3	7	0	7	0	3	
530	1	0	0	0	3	7	0	7	0	3	
531	1	0	0	0	3	7	0	7	0	3	
532	1	0	0	0	3	7	0	7	0	3	
533	1	0	0	0	3	7	0	7	0	3	
534	1	0	0	0	3	7	0	7	0	3	
535	1	0	0	0	3	7	0	7	0	3	
536	1	0	0	0	3	7	0	7	0	3	
537	1	0	0	0	3	7	0	7	0	3	
538	1	0	0	0	3	7	0	7	0	3	
539	1	0	0	0	3	7	0	7	0	3	
540	1	0	0	0	3	7	0	7	0	3	
541	1	0	0	0	3	7	0	7	0	3	
542	1	0	0	0	3	7	0	7	0	3	
543	1	0	0	0	3	7	0	7	0	3	
544	1	0	0	0	3	7	0	7	0	3	
545	1	0	0	0	3	7	0	7	0	3	
546	1	0	0	0	3	7	0	7	0	3	
547	1	0	0	0	3	7	0	7	0	3	
548	1	0	0	0	3	7	0	7	0	3	
549	1	0	0	0	3	7	0	7	0	3	
550	1	0	0	0	3	7	0	7	0	3	
551	1	0	0	0	3	7	0	7	0	3	
552	1	0	0	0	3	7	0	7	0	3	
553	1	0	0	0	3	7	0	7	0	3	
554	1	0	0	0	3	7	0	7	0	3	
555	1	0	0	0	3	7	0	7	0	3	
556	1	0	0	0	3	7	0	7	0	3	
557	1	0	0	0	3	7	0	7	0	3	
558	1	0	0	0	3	7	0	7	0	3	
559	1	0	0	0	3	7	0	7	0	3	
560	1	0	0	0	3	7	0	7	0	3	
561	1	0	0	0	3	7	0	7	0	3	
562	1	0	0	0	3	7	0	7	0	3	
563	1	0	0	0	3	7	0	7	0	3	
564	1	0	0	0	3	7	0	7	0	3	
565	1	0	0	0	3	7	0	7	0	3	
566	1	0	0	0	3	7	0	7	0	3	
567	1	0	0	0	3	7	0	7	0	3	
568	1	0	0	0	3	7	0	7	0	3	
569	1	0	0	0	3	7	0	7	0	3	
570	1	0	0	0	3	7	0	7	0	3	
571	1	0	0	0	3	7	0	7	0	3	
572	1	0	0	0	3	7	0	7	0	3	
573	1	0	0	0	3	7	0	7	0	3	
574	1	0	0	0	3	7	0	7	0	3	
575	1	0	0	0	3	7	0	7	0	3	
576	1	0	0	0	3	7	0	7	0	3	
577	1	0	0	0	3	7	0	7	0	3	
578	1	0	0	0	3	7	0	7	0	3	
579	7	1	0	0	3	0	0	7	0	3	
580	7	1	0	0	3	0	0	7	0	3	
581	7	1	0	0	3	0	0	7	0	3	
582	7	1	0	0	3	0	0	7	0	3	
583	7	1	0	0	3	0	0	7	0	3	
584	7	1	0	0	3	0	0	7	0	3	
585	0	1	0	0	3	0	0	7	7	3	
586	0	1	0	0	3	0	0	7	7	3	
587	0	1	0	0	3	0	0	7	7	3	
588	0	1	0	0	3	0	0	7	7	3	
589	0	1	0	0	3	0	0	7	7	3	
590	0	1	0	0	3	0	0	7	7	3	
591	0	1	0	0	3	0	0	7	7	3	
592	0	1	0	0	3	0	0	7	7	3	
593	0	1	0	0	3	0	0	7	7	3	
594	0	1	0	0	3	0	0	7	7	3	
595	0	1	0	0	3	0	0	7	7	3	
596	0	1	0	0	3	0	0	7	7	3	
597	0	1	0	0	3	0	0	7	7	3	
598	0	1	0	0	3	0	0	7	7	3	
599	0	1	0	0	3	0	0	7	7	3	
600	0	1	0	0	3	0	0	7	7	3	
601	0	1	0	0	3	0	0	7	7	3	
602	0	1	0	0	3	0	0	7	7	3	
603	0	1	0	0	3	0	0	7	7	3	
604	0	1	0	0	3	0	0	7	7	3	
605	0	1	0	0	3	0	0	7	7	3	
606	0	1	0	0	3	0	0	7	7	3	
607	0	1	0	0	3	0	0	7	7	3	
608	0	1	0	0	3	0	0	7	7	3	
609	0	1	0	0	3	0	0	7	7	3	
610	0	1	0	0	3	0	0	7	7	3	
611	0	1	0	0	3	0	0	7	7	3	
612	0	1	0	0	3	0	0	7	7	3	
613	0	1	0	0	3	0	0	7	7	3	
614	0	1	0	0	3	0	0	7	7	3	
615	0	1	0	0	3	0	0	7	7	3	
616	0	1	0	0	3	0	0	7	7	3	
617	0	1	0	0	3	0	0	7	7	3	
618	0	1	0	0	3	0	0	7	7	3	
619	0	1	0	0	3	0	0	7	7	3	
620	0	1	0	0	3	0	0	7	7	3	
621	0	1	0	0	3	0	0	7	7	3	
622	0	1	0	0	3	0	0	7	7	3	
623	0	1	0	0	3	0	0	7	7	3	
624	0	1	0	0	3	0	0	7	7	3	
625	0	1	0	0	3	0	0	7	7	3	
626	0	1	0	0	3	0	0	7	7	3	
627	0	1	0	0	3	0	0	7	7	3	
628	0	1	0	0	3	0	0	7	7	3	
629	0	1	0	0	3	0	0	7	7	3	
630	0	1	0	0	3	0	0	7	7	3	
631	0	1	0	0	3	0	0	7	7	3	
632	0	1	0	0	3	0	0	7	7	3	
633	0	1	0	0	3	0	0	7	7	3	
634	0	1	0	0	3	0	0	7	7	3	
635	0	1	0	0	3	0	0	7	7	3	
636	0	1	0	0	3	0	0	7	7	3	
637	0	1	0	0	3	0	0	7	7	3	
638	0	1	0	0	3	0	0	7	7	3	
639	0	1	0	0	3	0	0	7	7	3	
640	0	1	0	0	3	0	0	7	7	3	
641	0	1	0	0	3	0	0	7	7	3	
642	0	1	0	0	3	0	0	7	7	3	
643	0	1	0	0	3	0	0	7	7	3	
644	0	1	0	0	3	0	0	7	7	3	
645	0	1	0	0	3	0	0	7	7	3	
646	0	1	0	0	3	0	0	7	7	3	
647	0	1	0	0	3	0	0	7	7	3	
648	0	1	0	0	3	0	0	7	7	3	
649	0	1	0	0	3	0	0	7	7	3	
650	0	1	0	0	3	0	0	7	7	3	
651	0	1	0	0	3	0	0	7	7	3	
652	0	1	0	0	3	0	0	7	7	3	
653	0	1	0	0	3	0	0	7	7	3	
654	0	1	0	0	3	0	0	7	7	3	
655	0	1	0	0	3	0	0	7	7	3	
656	0	1	0	0	3	0	0	7	7	3	
657	0	1	0	0	3	0	0	7	7	3	
658	0	1	0	0	3	0	0	7	7	3	
659	0	1	0	0	3	0	0	7	7	3	
660	0	1	0	0	3	0	0	7	7	3	
661	0	1	0	0	3	0	0	7	7	3	
662	0	1	0	0	3	0	0	7	7	3	
663	0	1	0	0	3	0	0	7	7	3	
664	0	1	0	0	3	0	0	7	7	3	
665	0	1	0	0	3	0	0	7	7	3	
666	0	1	0	0	3	0	0	7	7	3	
667	0	1	0	0	3	0	0	7	7	3	
668	0	1	0	0	3	0	0	7	7	3	
669	0	1	0	0	3	0	0	7	7	3	
670	0	1	0	0	3	0	0	7	7	3	
671	0	1	0	0	3	0	0	7	7	3	
672	0	1	0	0	3	0	0	7	7	3	
673	0	1	0	0	3	0	0	7	7	3	
674	0	1	0	0	3	0	0	7	7	3	
675	0	1	0	0	3	0	0	7	7	3	
676	0	1	0	0	3	0	0	7	7	3	
677	0	1	0	0	3	0	0	7	7	3	
678	0	1	0	0	3	0	0	7	7	3	
679	0	1	0	0	3	0	0	7	7	3	
680	0	1	0	0	3	0	0	7	7	3	
681	0	1	0	0	3	0	0	7	7	3	
682	0	1	0	0	3	0	0	7	7	3	
683	0	1	0	0	3	0	0	7	7	3	
684	0	1	0	0	3	0	0	7	7	3	
685	0	1	0	0	3	0	0	7	7	3	
686	0	1	0	0	3	0	0	7	7	3	
687	0	1	0	0	3	0	0	7	7	3	
688	0	1	0	0	3	0	0	7	7	3	
689	0	1	0	0	3	0	0	7	7	3	
690	0	1	0	0	3	0	0	7	7	3	
691	0	1	0	0	3	0	0	7	7	3	
692	0	1	0	0	3	0	0	7	7	3	
693	0	1	0	0	3	0	0	7	7	3	
694	0	1	0	0	3	0	0	7	7	3	
695	0	1	0	0	3	0	0	7	7	3	
696	0	1	0	0	3	0	0	7	7	3	
697	0	1	0	0	3	0	0	7	7	3	
698	0	1	0	0	3	0	0	7	7	3	
699	0	1	0	0	3	0	0	7	7	3	
700	0	1	0	0	3	0	0	7	7	3	
701	0	1	0	0	3	0	0	7	7	3	
702	0	1	0	0	3	0	0	7	7	3	
703	0	1	0	0	3	0	0	7	7	3	
704	0	1	0	0	3	0	0	7	7	3	
705	0	1	0	0	3	0	0	7	7	3	
706	0	1	0	0	3	0	0	7	7	3	
707	0	1	0	0	3	0	0	7	7	3	
708	0	1	0	0	3	0	0	7	7	3	
709	0	1	0	0	3	0	0	7	7	3	
710	0	1	0	0	3	0	0	7	7	3	
711	0	1	0	0	3	0	0	7	7	3	
712	0	1	0	0	3	0	0	7	7	3	
713	0	1	0	0	3	0	0	7	7	3	
714	0	1	0	0	3	0	0	7	7	3	
715	0	1	0	0	3	0	0	7	7	3	
716	0	1	0	0	3	0	0	7	7	3	
717	0	1	0	0	3	0	0	7	7	3	
718	0	1	0	0	3	0	0	7	7	3	
719	0	1	0	0	3	0	0	7	7	3	
720	0	1	0	0	3	0	0	7	7	3	
721	0	1	0	0	3	0	0	7	7	3	
722	0	1	0	0	3	0	0	7	7	3	
723	0	1	0	0	3	0	0	7	7	3	
724	0	1	0	0	3	0	0	7	7	3	
725	0	1	0	0	3	0	0	7	7	3	
726	0	1	0	0	3	0	0	7	7	3	
727	0	1	0	0	3	0	0	7	7	3	
728	0	1	0	0	3	0	0	7	7	3	
729	0	1	0	0	3	0	0	7	7	3	
730	0	1	0	0	3	0	0	7	7	3	
731	0	1	0	0	3	0	0	7	7	3	
732	0	1	0	0	3	0	0	7	7	3	
733	0	1	0	0	3	0	0	7	7	3	
734	0	1	0	0	3	0	0	7	7	3	
735	0	1	0	0	3	0	0	7	7	3	
736	0	1	0	0	3	0	0	7	7	3	
737	0	1	0	0	3	0	0	7	7	3	
738	0	1	0	0	3	0	0	7	7	3	
739	0	1	0	0	3	0	0	7	7	3	
740	0	1	0	0	3	0	0	7	7	3	
741	0	1	0	0	3	0	0	7	7	3	
742	0	1	0	0	3	0	0	7	7	3	
743	0	1	0	0	3	0	0	7	7	3	
744	0	1	0	0	3	0	0	7	7	3	
745	0	1	0	0	3	0	0	7	7	3	
746	0	1	0	0	3	0	0	7	7	3	
747	0	1	0	0	3	0	0	7	7	3	
748	0	1	0	0	3	0	0	7	7	3	
749	0	1	0	0	3	0	0	7	7	3	
750	0	1	0	0	3	0	0	7	7	3	
751	0	1	0	0	3	0	0	7	7	3	
752	0	1	0	0	3	0	0	7	7	3	
753	0	1	0	0	3	0	0	7	7	3	
754	0	1	0	0	3	0	0	7	7	3	
755	0	1	0	0	3	0	0	7	7	3	
756	0	1	0	0	3	0	0	7	7	3	
757	0	1	0	0	3	0	0	7	7	3	
758	0	1	0	0	3	0	0	7	7	3	
759	0	1	0	0	3	0	0	7	7	3	
760	0	1	0	0	3	0	0	7	7	3	
761	0	1	0	0	3	0	0	7	7	3	
762	0	1	0	0	3	0	0	7	7	3	
763	0	1	0	0	3	0	0	7	7	3	
764	0	1	0	0	3	0	0	7	7	3	
765	0	1	0	0	3	0	0	7	7	3	
766	0	1	0	0	3	0	0	7	7	3	
767	0	1	0	0	3	0	0	7	7	3	
768	0	1	0	0	3	0	0	7	7	3	
769	0	1	0	0	3	0	0	7	7	3	
770	0	1	0	0	3	0	0	7	7	3	
771	0	1	0	0	3	0	0	7	7	3	
772	0	1	0	0	3	0	0	7	7	3	
773	0	1	0	0	3	0	0	7	7	3	
774	0	1	0	0	3	0	0	7	7	3	
775	0	1	0	0	3	0	0	7	7	3	
776	0	1	0	0	3	0	0	7	7	3	
777	0	1	0	0	3	0	0	7	7	3	
778	0	1	0	0	3	0	0	7	7	3	
779	0	1	0	0	3	0	0	7	7	3	
780	0	1	0	0	3	0	0	7	7	3	
781	0	1	0	0	3	0	0	7	7	3	
782	0	1	0	0	3	0	0	7	7	3	
783	0	1	0	0	3	0	0	7	7	3	
784	0	1	0	0	3	0	0	7	7	3	
785	0	1	0	0	3	0	0	7	7	3	
786	0	1	0	0	3	0	0	7	7	3	
787	2	0	0	0	3	0	0	7	7	3	
788	2	0	0	0	3	0	0	7	7	3	
789	2	0	0	0	3	0	0	7	7	3	
790	2	0	0	0	3	0	0	7	7	3	
791	2	0	0	0	3	0	0	7	7	3	
792	2	0	0	0	3	0	0	7	7	3	
793	2	0	0	0	3	0	0	7	7	3	
794	2	0	0	0	3	0	0	7	7	3	
795	2	0	0	0	3	0	0	7	7	3	
796	2	0	0	0	3	0	0	7	7	3	
797	2	0	0	0	3	0	0	7	7	3	
798	2	0	0	0	3	0	0	7	7	3	
799	2	0	0	0	3	0	0	7	7	3	
800	2	0	0	0	3	0	0	7	7	3	
801	2	0	0	0	3	0	0	7	7	3	
802	2	0	0	0	3	0	0	7	7	3	
803	2	0	0	0	3	0	0	7	7	3	
804	2	0	0	0	3	0	0	7	7	3	
805	2	0	0	0	3	0	0	7	7	3	
806	2	0	0	0	3	0	0	7	7	3	
807	2	0	0	0	3	0	0	7	7	3	
808	2	0	0	0	3	0	0	7	7	3	
809	2	0	0	0	3	0	0	7	7	3	
810	2	0	0	0	3	0	0	7	7	3	
811	2	0	0	0	3	0	0	7	7	3	
812	2	0	0	0	3	0	0	7	7	3	
813	2	0	0	0	3	0	0	7	7	3	
814	2	0	0	0	3	0	0	7	7	3	
815	2	0	0	0	3	0	0	7	7	3	
816	2	0	0	0	3	0	0	7	7	3	
817	0	0	0	2	3	0	0	7	7	3	
818	0	0	0	2	3	0	0	7	7	3	
819	0	0	0	2	3	0	0	7	7	3	
820	0	0	0	2	3	0	0	7	7	3	
821	0	0	0	2	3	0	0	7	7	3	
822	0	0	0	2	3	0	0	7	7	3	
823	0	0	0	2	3	0	0	7	7	3	
824	0	0	0	2	3	0	0	7	7	3	
825	0	0	0	2	3	0	0	7	7	3	
826	0	0	0	2	3	0	0	7	7	3	
827	0	0	0	2	3	0	0	7	7	3	
828	0	0	0	2	3	0	0	7	7	3	
829	0	0	0	2	3	0	0	7	7	3	
830	0	0	0	2	3	0	0	7	7	3	
831	0	0	0	2	3	0	0	7	7	3	
832	0	0	0	2	3	0	0	7	7	3	
833	0	0	0	2	3	0	0	7	7	3	
834	0	0	0	2	3	0	0	7	7	3	
835	0	0	0	2	3	0	0	7	7	3	
836	0	0	0	2	3	0	0	7	7	3	
837	0	0	0	2	3	0	0	7	7	3	
838	0	0	0	2	3	0	0	7	7	3	
839	0	0	0	2	3	0	0	7	7	3	
840	0	0	0	2	3	0	0	7	7	3	
841	0	0	0	2	3	0	0	7	7	3	
842	0	0	0	2	3	0	0	7	7	3	
843	0	0	0	2	3	0	0	7	7	3	
844	0	0	0	2	3	0	0	7	7	3	
845	0	0	0	2	3	0	0	7	7	3	
846	0	0	0	2	3	0	0	7	7	3	
847	0	0	0	2	3	0	0	7	7	3	
848	0	0	0	2	3	0	0	7	7	3	
849	0	0	0	2	3	0	0	7	7	3	
850	0	0	0	2	3	0	0	7	7	3	
851	0	0	0	2	3	0	0	7	7	3	
852	0	0	0	2	3	0	0	7	7	3	
853	0	0	0	2	3	0	0	7	7	3	
854	0	0	0	2	3	0	0	7	7	3	
855	0	0	0	2	3	0	0	7	7	3	
856	0	0	0	2	3	0	0	7	7	3	
857	0	0	0	2	3	0	0	7	7	3	
858	0	0	0	2	3	0	0	7	7	3	
859	0	0	0	2	3	0	0	7	7	3	
860	0	0	0	2	3	0	0	7	7	3	
861	0	0	0	2	3	0	0	7	7	3	
862	0	0	0	2	3	0	0	7	7	3	
863	0	0	0	2	3	0	0	7	7	3	
864	0	0	0	2	3	0	0	7	7	3	
865	0	0	0	2	3	0	0	7	7	3	
866	0	0	0	2	3	0	0	7	7	3	
867	0	0	0	2	3	0	0	7	7	3	
868	0	0	0	2	3	0	0	7	7	3	
869	0	0	0	2	3	0	0	7	7	3	
870	0	0	0	2	3	0	0	7	7	3	
871	0	0	0	2	3	0	0	7	7	3	
872	0	0	0	2	3	0	0	7	7	3	
873	0	0	0	2	3	0	0	7	7	3	
874	0	0	0	2	3	0	0	7	7	3	
875	0	0	0	2	3	0	0	7	7	3	
876	0	0	0	2	3	0	0	7	7	3	
877	0	0	0	2	3	0	0	7	7	3	
878	0	0	0	2	3	0	0	7	7	3	
879	0	0	0	2	3	0	0	7	7	3	
880	0	0	0	2	3	0	0	7	7	3	
881	0	0	0	2	3	0	0	7	7	3	
882	0	0	0	2	3	0	0	7	7	3	
883	4	0	0	2	7	0	0	7	7	0	
884	4	0	0	2	7	0	0	7	7	0	
885	4	0	0	2	7	0	0	7	7	0	
886	4	0	0	2	7	0	0	7	7	0	
887	4	0	0	2	7	0	0	7	7	0	
888	4	0	0	2	7	0	0	7	7	0	
889	4	0	0	2	7	0	0	7	7	0	
890	4	0	0	2	7	0	0	7	7	0	
891	4	0	0	2	7	0	0	7	7	0	
892	4	0	0	2	7	0	0	7	7	0	
893	4	0	0	2	7	0	0	7	7	0	
894	4	0	0	2	7	0	0	7	7	0	
895	0	0	0	2	7	0	4	7	7	0	
896	0	0	0	2	7	0	4	7	7	0	
897	0	0	0	2	7	0	4	7	7	0	
898	0	0	0	2	7	0	4	7	7	0	
899	0	0	0	2	7	0	4	7	7	0	
900	0	0	0	2	7	0	4	7	7	0	
901	0	0	0	2	7	0	4	7	7	0	
902	0	0	0	2	7	0	4	7	7	0	
903	0	0	0	2	7	0	4	7	7	0	
904	0	0	0	2	7	0	4	7	7	0	
905	0	0	0	2	7	0	4	7	7	0	
906	0	0	0	2	7	0	4	7	7	0	
907	3	0	0	0	7	0	4	7	7	0	
908	3	0	0	0	7	0	4	7	7	0	
909	3	0	0	0	7	0	4	7	7	0	
910	3	0	0	0	7	0	4	7	7	0	
911	3	0	0	0	7	0	4	7	7	0	
912	3	0	0	0	7	0	4	7	7	0	
913	3	0	0	0	7	0	4	7	7	0	
914	3	0	0	0	7	0	4	7	7	0	
915	3	0	0	0	7	0	4	7	7	0	
916	3	0	0	0	7	0	4	7	7	0	
917	3	0	0	0	7	0	4	7	7	0	
918	3	0	0	0	7	0	4	7	7	0	
919	0	0	0	0	7	3	4	7	7	0	
920	0	0	0	0	7	3	4	7	7	0	
921	0	0	0	0	7	3	4	7	7	0	
922	0	0	0	0	7	3	4	7	7	0	
923	0	0	0	0	7	3	4	7	7	0	
924	0	0	0	0	7	3	4	7	7	0	
925	3	0	0	0	7	0	4	7	7	0	
926	3	0	0	0	7	0	6	7	7	0	
927	3	0	0	0	7	0	6	7	7	0	
928	3	0	0	0	7	0	6	7	7	0	
929	3	0	0	0	7	0	6	7	7	0	
930	3	0	0	0	7	0	6	7	7	0	
931	6	0	0	0	7	0	0	7	7	3	
932	6	0	0	0	7	0	0	7	7	3	
933	6	0	0	0	7	0	0	7	7	3	
934	6	0	0	0	7	0	0	7	7	3	
935	6	0	0	0	7	0	0	7	7	3	
936	6	0	0	0	7	0	0	7	7	3	
937	6	0	0	0	7	0	0	7	7	3	
938	6	0	0	0	7	0	0	7	7	3	
939	6	0	0	0	7	0	0	7	7	3	
940	6	0	0	0	7	0	0	7	7	3	
941	6	0	0	0	7	0	0	7	7	3	
942	6	0	0	0	7	0	0	7	7	3	
943	6	0	0	0	7	0	0	7	7	3	
944	6	0	0	0	7	0	0	7	7	3	
945	6	0	0	0	7	0	0	7	7	3	
946	0	0	0	6	7	0	0	7	7	3	
947	0	0	0	6	7	0	0	7	7	3	
948	0	0	0	6	7	0	0	7	7	3	
949	0	0	0	6	7	0	0	7	7	3	
950	0	0	0	6	7	0	0	7	7	3	
951	0	0	0	6	7	0	0	7	7	3	
952	0	0	0	6	7	0	0	7	7	3	
953	0	0	0	6	7	0	0	7	7	3	
954	0	0	0	6	7	0	0	7	7	3	
955	0	0	0	6	7	0	0	7	7	3	
956	0	0	0	6	7	0	0	7	7	3	
957	0	0	0	6	7	0	0	7	7	3	
958	0	0	0	6	7	0	0	7	7	3	
959	0	0	0	6	7	0	0	7	7	3	
960	0	0	0	6	7	0	0	7	7	3	
961	0	0	0	6	7	0	0	7	7	3	
962	0	0	0	6	7	0	0	7	7	3	
963	0	0	0	6	7	0	0	7	7	3	
964	0	0	0	6	7	0	0	7	7	3	
965	0	0	0	6	7	0	0	7	7	3	
966	0	0	0	6	7	0	0	7	7	3	
967	0	0	0	6	7	0	0	7	7	3	
968	0	0	0	6	7	0	0	7	7	3	
969	0	0	0	6	7	0	0	7	7	3	
970	0	0	0	6	7	0	0	7	7	3	
971	0	0	0	6	7	0	0	7	7	3	
972	0	0	0	6	7	0	0	7	7	3	
973	0	0	0	6	7	0	0	7	7	3	
974	0	0	0	6	7	0	0	7	7	3	
975	0	0	0	6	7	0	0	7	7	3	
976	0	0	0	6	7	0	0	7	7	3	
977	0	0	0	6	7	0	0	7	7	3	
978	0	0	0	6	7	0	0	7	7	3	
979	0	0	0	6	7	0	0	7	7	3	
980	0	0	0	6	7	0	0	7	7	3	
981	0	0	0	6	7	0	0	7	7	3	
982	0	0	0	6	7	0	0	7	7	3	
983	0	0	0	6	7	0	0	7	7	3	
984	0	0	0	6	7	0	0	7	7	3	
985	0	0	0	6	7	0	0	7	7	3	
986	0	0	0	6	7	0	0	7	7	3	
987	0	0	0	6	7	0	0	7	7	3	
988	0	0	0	6	7	0	0	7	7	3	
989	0	0	0	6	7	0	0	7	7	3	
990	0	0	0	6	7	0	0	7	7	3	
991	0	0	0	6	7	0	0	7	7	3	
992	0	0	0	6	7	0	0	7	7	3	
993	0	0	0	6	7	0	0	7	7	3	
994	0	0	0	6	7	0	0	7	7	3	
995	0	0	0	6	7	0	0	7	7	3	
996	0	0	0	6	7	0	0	7	7	3	
997	0	0	0	6	7	0	0	7	7	3	
998	0	0	0	6	7	0	0	7	7	3	
999	0	0	0	6	7	0	0	7	7	3	
1000	0	0	0	6	7	0	0	7	7	3	
1001	0	0	0	6	7	0	0	7	7	3	
1002	0	0	0	6	7	0	0	7	7	3	
1003	0	0	0	6	7	0	0	7	7	3	
1004	0	0	0	6	7	0	0	7	7	3	
1005	0	0	0	6	7	0	0	7	7	3	
1006	0	0	0	6	7	0	0	7	7	3	
1007	0	0	0	6	7	0	0	7	7	3	
1008	0	0	0	6	7	0	0	7	7	3	
1009	0	0	0	6	7	0	0	7	7	3	
1010	0	0	0	6	7	0	0	7	7	3	
1011	0	0	0	6	7	0	0	7	7	3	
1012	0	0	0	6	7	0	0	7	7	3	
1013	0	0	0	6	7	0	0	7	7	3	
1014	0	0	0	6	7	0	0	7	7	3	
1015	0	0	0	6	7	0	0	7	7	3	
1016	0	0	0	6	7	0	0	7	7	3	
1017	0	0	0	6	7	0	0	7	7	3	
1018	0	0	0	6	7	0	0	7	7	3	
1019	0	0	0	6	7	0	0	7	7	3	
1020	0	0	0	6	7	0	0	7	7	3	
1021	0	0	0	6	7	0	0	7	7	3	
1022	0	0	0	6	7	0	0	7	7	3	
1023	0	0	0	6	7	0	0	7	7	3	
1024	0	0	0	6	7	0	0	7	7	3	
1025	0	0	0	6	7	0	0	7	7	3	
1026	0	0	0	6	7	0	0	7	7	3	
1027	0	0	0	6	7	0	0	7	7	3	
1028	0	0	0	6	7	0	0	7	7	3	
1029	0	0	0	6	7	0	0	7	7	3	
1030	0	0	0	6	7	0	0	7	7	3	
1031	0	0	0	6	7	0	0	7	7	3	
1032	0	0	0	6	7	0	0	7	7	3	
1033	0	0	0	6	7	0	0	7	7	3	
1034	0	0	0	6	7	0	0	7	7	3	
1035	0	0	0	6	7	0	0	7	7	3	
1036	7	0	0	0	7	0	0	7	7	3	
1037	7	0	0	0	7	0	0	7	7	3	
1038	7	0	0	0	7	0	0	7	7	3	
1039	7	0	0	0	7	0	0	7	7	3	
1040	7	0	0	0	7	0	0	7	7	3	
1041	7	0	0	0	7	0	0	7	7	3	
1042	7	0	0	0	7	0	0	7	7	3	
1043	7	0	0	0	7	0	0	7	7	3	
1044	7	0	0	0	7	0	0	7	7	3	
1045	7	0	0	0	7	0	0	7	7	3	
1046	7	0	0	0	7	0	0	7	7	3	
1047	7	0	0	0	7	0	0	7	7	3	
1048	0	0	0	0	7	7	0	7	7	3	
1049	0	0	0	0	7	7	0	7	7	3	
1050	0	0	0	0	7	7	0	7	7	3	
1051	0	0	0	0	7	7	0	7	7	3	
1052	0	0	0	0	7	7	0	7	7	3	
1053	0	0	0	0	7	7	0	7	7	3	
1054	0	0	0	0	7	7	0	7	7	3	
1055	0	0	0	0	7	7	0	7	7	3	
1056	0	0	0	0	7	7	0	7	7	3	
1057	0	0	0	0	7	7	0	7	7	3	
1058	0	0	0	0	7	7	0	7	7	3	
1059	0	0	0	0	7	7	0	7	7	3	
1060	0	0	0	0	7	7	0	7	7	3	
1061	0	0	0	0	7	7	0	7	7	3	
1062	0	0	0	0	7	7	0	7	7	3	
1063	0	0	0	0	7	7	0	7	7	3	
1064	0	0	0	0	7	7	0	7	7	3	
1065	0	0	0	0	7	7	0	7	7	3	
1066	0	0	0	0	7	7	0	7	7	3	
1067	0	0	0	0	7	7	0	7	7	3	
1068	0	0	0	0	7	7	0	7	7	3	
1069	0	0	0	0	7	7	0	7	7	3	
1070	0	0	0	0	7	7	0	7	7	3	
1071	0	0	0	0	7	7	0	7	7	3	
1072	0	0	0	0	7	7	0	7	7	3	
1073	0	0	0	0	7	7	0	7	7	3	
1074	0	0	0	0	7	7	0	7	7	3	
1075	0	0	0	0	7	7	0	7	7	3	
1076	0	0	0	0	7	7	0	7	7	3	
1077	0	0	0	0	7	7	0	7	7	3	
1078	0	0	0	0	7	7	0	7	7	3	
1079	0	0	0	0	7	7	0	7	7	3	
1080	0	0	0	0	7	7	0	7	7	3	
1081	0	0	0	0	7	7	0	7	7	3	
1082	0	0	0	0	7	7	0	7	7	3	
1083	0	0	0	0	7	7	0	7	7	3	
1084	0	0	0	0	7	7	0	7	7	3	
1085	0	0	0	0	7	7	0	7	7	3	
1086	0	0	0	0	7	7	0	7	7	3	
1087	0	0	0	0	7	7	0	7	7	3	
1088	0	0	0	0	7	7	0	7	7	3	
1089	0	0	0	0	7	7	0	7	7	3	
1090	0	0	0	0	7	7	0	7	7	3	
1091	0	0	0	0	7	7	0	7	7	3	
1092	0	0	0	0	7	7	0	7	7	3	
1093	0	0	0	0	7	7	0	7	7	3	
1094	0	0	0	0	7	7	0	7	7	3	
1095	0	0	0	0	7	7	0	7	7	3	
1096	0	0	0	0	7	7	0	7	7	3	
1097	0	0	0	0	7	7	0	7	7	3	
1098	0	0	0	0	7	7	0	7	7	3	
1099	0	0	0	0	7	7	0	7	7	3	
1100	0	0	0	0	7	7	0	7	7	3	
1101	0	0	0	0	7	7	0	7	7	3	
1102	0	0	0	0	7	7	0	7	7	3	
1103	0	0	0	0	7	7	0	7	7	3	
1104	0	0	0	0	7	7	0	7	7	3	
1105	0	0	0	0	7	7	0	7	7	3	
1106	0	0	0	0	7	7	0	7	7	3	
1107	0	0	0	0	7	7	0	7	7	3	
1108	0	0	0	0	7	7	0	7	7	3	
1109	0	0	0	0	7	7	0	7	7	3	
1110	0	0	0	0	7	7	0	7	7	3	
1111	0	0	0	0	7	7	0	7	7	3	
1112	0	0	0	0	7	7	0	7	7	3	
1113	0	0	0	0	7	7	0	7	7	3	
1114	0	0	0	0	7	7	0	7	7	3	
1115	0	0	0	0	7	7	0	7	7	3	
1116	0	0	0	0	7	7	0	7	7	3	
1117	0	0	0	0	7	7	0	7	7	3	
1118	0	0	0	0	7	7	0	7	7	3	
1119	0	0	0	0	7	7	0	7	7	3	
1120	0	0	0	0	7	7	0	7	7	3	
1121	0	0	0	0	7	7	0	7	7	3	
1122	0	0	0	0	7	7	0	7	7	3	
1123	0	0	0	0	7	7	0	7	7	3	
1124	0	0	0	0	7	7	0	7	7	3	
1125	0	0	0	0	7	7	0	7	7	3	
1126	0	0	0	0	7	7	0	7	7	3	
1127	0	0	0	0	7	7	0	7	7	3	
1128	0	0	0	0	7	7	0	7	7	3	
1129	0	0	0	0	7	7	0	7	7	3	
1130	0	0	0	0	7	7	0	7	7	3	
1131	0	0	0	0	7	7	0	7	7	3	
1132	0	0	0	0	7	7	0	7	7	3	
1133	0	0	0	0	7	7	0	7	7	3	
1134	0	0	0	0	7	7	0	7	7	3	
1135	0	0	0	0	7	7	0	7	7	3	
1136	0	0	0	0	7	7	0	7	7	3	
1137	0	0	0	0	7	7	0	7	7	3	
1138	0	0	0	0	7	7	0	7	7	3	
1139	0	0	0	0	7	7	0	7	7	3	
1140	0	0	0	0	7	7	0	7	7	3	
1141	0	0	0	0	7	7	0	7	7	3	
1142	0	0	0	0	7	7	0	7	7	3	
1143	0	0	0	0	7	7	0	7	7	3	
1144	0	0	0	0	7	7	0	7	7	3	
1145	0	0	0	0	7	7	0	7	7	3	
1146	0	0	0	0	7	7	0	7	7	3	
1147	0	0	0	0	7	7	0	7	7	3	
1148	0	0	0	0	7	7	0	7	7	3	
1149	0	0	0	0	7	7	0	7	7	3	
1150	0	0	0	0	7	7	0	7	7	3	
1151	0	0	0	0	7	7	0	7	7	3	
1152	0	0	0	0	7	7	0	7	7	3	
1153	0	0	0	0	7	7	0	7	7	3	
1154	0	0	0	0	7	7	0	7	7	3	
1155	0	0	0	0	7	7	0	7	7	3	
1156	0	0	0	0	7	7	0	7	7	3	
1157	0	0	0	0	7	7	0	7	7	3	
1158	0	0	0	0	7	7	0	7	7	3	
1159	0	0	0	0	7	7	0	7	7	3	
1160	0	0	0	0	7	7	0	7	7	3	
1161	0	0	0	0	7	7	0	7	7	3	
1162	0	0	0	0	7	7	0	7	7	3	
1163	0	0	0	0	7	7	0	7	7	3	
1164	0	0	0	0	7	7	0	7	7	3	
1165	0	0	0	0	7	7	0	7	7	3	
1166	0	0	0	0	7	7	0	7	7	3	
1167	0	0	0	0	7	7	0	7	7	3	
1168	0	0	0	0	7	7	0	7	7	3	
1169	0	0	0	0	7	7	0	7	7	3	
1170	0	0	0	0	7	7	0	7	7	3	
1171	0	0	0	0	7	7	0	7	7	3	
1172	0	0	0	0	7	7	0	7	7	3	
1173	0	0	0	0	7	7	0	7	7	3	
1174	0	0	0	0	7	7	0	7	7	3	
1175	0	0	0	0	7	7	0	7	7	3	
1176	0	0	0	0	7	7	0	7	7	3	
1177	0	0	0	0	7	7	0	7	7	3	
1178	0	0	0	0	7	7	0	7	7	3	
1179	0	0	0	0	7	7	0	7	7	3	
1180	0	0	0	0	7	7	0	7	7	3	
1181	0	0	0	0	7	7	0	7	7	3	
1182	0	0	0	0	7	7	0	7	7	3	
1183	0	0	0	0	7	7	0	7	7	3	
1184	0	0	0	0	7	7	0	7	7	3	
1185	0	0	0	0	7	7	0	7	7	3	
1186	0	0	0	0	7	7	0	7	7	3	
1187	0	0	0	0	7	7	0	7	7	3	
1188	0	0	0	0	7	7	0	7	7	3	
1189	0	0	0	0	7	7	0	7	7	3	
1190	0	0	0	0	7	7	0	7	7	3	
1191	0	0	0	0	7	7	0	7	7	3	
1192	0	0	0	0	7	7	0	7	7	3	
1193	0	0	0	0	7	7	0	7	7	3	
1194	0	0	0	0	7	7	0	7	7	3	
1195	0	0	0	0	7	7	0	7	7	3	
1196	0	0	0	0	7	7	0	7	7	3	
1197	0	0	0	0	7	7	0	7	7	3	
1198	0	0	0	0	7	7	0	7	7	3	
1199	0	0	0	0	7	7	0	7	7	3	
1200	0	0	0	0	7	7	0	7	7	3	
1201	0	0	0	0	7	7	0	7	7	3	
1202	0	0	0	0	7	7	0	7	7	3	
1203	0	0	0	0	7	7	0	7	7	3	
1204	0	0	0	0	7	7	0	7	7	3	
1205	0	0	0	0	7	7	0	7	7	3	
1206	0	0	0	0	7	7	0	7	7	3	
1207	0	0	0	0	7	7	0	7	7	3	
1208	0	0	0	0	7	7	0	7	7	3	
1209	0	0	0	0	7	7	0	7	7	3	
1210	0	0	0	0	7	7	0	7	7	3	
1211	0	0	0	0	7	7	0	7	7	3	
1212	0	0	0	0	7	7	0	7	7	3	
1213	0	0	0	0	7	7	0	7	7	3	
1214	0	0	0	0	7	7	0	7	7	3	
1215	0	0	0	0	7	7	0	7	7	3	
1216	0	0	0	0	7	7	0	7	7	3	
1217	0	0	0	0	7	7	0	7	7	3	
1218	0	0	0	0	7	7	0	7	7	3	
1219	0	0	0	0	7	7	0	7	7	3	
1220	0	0	0	0	7	7	0	7	7	3	
1221	0	0	0	0	7	7	0	7	7	3	
1222	0	0	0	0	7	7	0	7	7	3	
1223	0	0	0	0	7	7	0	7	7	3	
1224	0	0	0	0	7	7	0	7	7	3	
1225	0	0	0	0	7	7	0	7	7	3	
1226	0	0	0	0	7	7	0	7	7	3	
1227	0	0	0	0	7	7	0	7	7	3	
1228	0	0	0	0	7	7	0	7	7	3	
1229	0	0	0	0	7	7	0	7	7	3	
1230	0	0	0	0	7	7	0	7	7	3	
1231	0	0	0	0	7	7	0	7	7	3	
1232	0	0	0	0	7	7	0	7	7	3	
1233	0	0	0	0	7	7	0	7	7	3	
1234	0	0	0	0	7	7	0	7	7	3	
1235	0	0	0	0	7	7	0	7	7	3	
1236	0	0	0	0	7	7	0	7	7	3	
1237	0	0	0	0	7	7	0	7	7	3	
1238	0	0	0	0	7	7	0	7	7	3	
1239	0	0	0	0	7	7	0	7	7	3	
1240	0	0	0	0	7	7	0	7	7	3	
1241	0	0	0	0	7	7	0	7	7	3	
1242	0	0	0	0	7	7	0	7	7	3	
1243	0	0	0	0	7	7	0	7	7	3	
1244	0	0	0	0	7	7	0	7	7	3	
1245	0	0	0	0	7	7	0	7	7	3	
1246	0	0	0	0	7	7	0	7	7	3	
1247	0	0	0	0	7	7	0	7	7	3	
1248	0	0	0	0	7	7	0	7	7	3	
1249	0	0	0	0	7	7	0	7	7	3	
1250	0	0	0	0	7	7	0	7	7	3	
1251	0	0	0	0	7	7	0	7	7	3	
1252	0	0	0	0	7	7	0	7	7	3	
1253	0	0	0	0	7	7	0	7	7	3	
1254	0	0	0	0	7	7	0	7	7	3	
1255	0	0	0	0	7	7	0	7	7	3	
1256	0	0	0	0	7	7	0	7	7	3	
1257	0	0	0	0	7	7	0	7	7	3	
1258	0	0	0	0	7	7	0	7	7	3	
1259	0	0	0	0	7	7	0	7	7	3	
1260	0	0	0	0	7	7	0	7	7	3	
1261	0	0	0	0	7	7	0	7	7	3	
1262	0	0	0	0	7	7	0	7	7	3	
1263	0	0	0	0	7	7	0	7	7	3	
1264	0	0	0	0	7	7	0	7	7	3	
1265	0	0	0	0	7	7	0	7	7	3	
1266	0	0	0	0	7	7	0	7	7	3	
1267	0	0	0	0	7	7	0	7	7	3	
1268	0	0	0	0	7	7	0	7	7	3	
1269	0	0	0	0	7	7	0	7	7	3	
1270	0	0	0	0	7	7	0	7	7	3	
1271	0	0	0	0	7	7	0	7	7	3	
1272	0	0	0	0	7	7	0	7	7	3	
1273	0	0	0	0	7	7	0	7	7	3	
1274	0	0	0	0	7	7	0	7	7	3	
1275	8	0	0	0	7	7	0	0	7	3	
1276	8	0	0	0	7	7	0	0	7	3	
1277	8	0	0	0	7	7	0	0	7	3	
1278	8	0	0	0	7	7	0	0	7	3	
1279	8	0	0	0	7	7	0	0	7	3	
1280	8	0	0	0	7	7	0	0	7	3	
1281	8	0	0	0	7	7	0	0	7	3	
1282	8	0	0	0	7	7	0	0	7	3	
1283	8	0	0	0	7	7	0	0	7	3	
1284	8	0	0	0	7	7	0	0	7	3	
1285	8	0	0	0	7	7	0	0	7	3	
1286	8	0	0	0	7	7	0	0	7	3	
1287	8	0	0	0	7	7	0	0	7	3	
1288	8	0	0	0	7	7	0	0	7	3	
1289	8	0	0	0	7	7	0	0	7	3	
1290	8	0	0	0	7	7	0	0	7	3	
1291	8	0	0	0	7	7	0	0	7	3	
1292	8	0	0	0	7	7	0	0	7	3	
1293	8	0	0	0	7	7	0	0	7	3	
1294	8	0	0	0	7	7	0	0	7	3	
1295	8	0	0	0	7	7	0	0	7	3	
1296	8	0	0	0	7	7	0	0	7	3	
1297	8	0	0	0	7	7	0	0	7	3	
1298	8	0	0	0	7	7	0	0	7	3	
1299	8	0	0	0	7	7	0	0	7	3	
1300	8	0	0	0	7	7	0	0	7	3	
1301	8	0	0	0	7	7	0	0	7	3	
1302	8	0	0	0	7	7	0	0	7	3	
1303	8	0	0	0	7	7	0	0	7	3	
1304	8	0	0	0	7	7	0	0	7	3	
1305	1	0	0	0	7	7	0	0	7	3	
1306	1	0	0	0	7	7	0	0	7	3	
1307	1	0	0	0	7	7	0	0	7	3	
1308	1	0	0	0	7	7	0	0	7	3	
1309	1	0	0	0	7	7	0	0	7	3	
1310	1	0	0	0	7	7	0	0	7	3	
1311	1	0	0	0	7	7	0	0	7	3	
1312	1	0	0	0	7	7	0	0	7	3	
1313	1	0	0	0	7	7	0	0	7	3	
1314	1	0	0	0	7	7	0	0	7	3	
1315	1	0	0	0	7	7	0	0	7	3	
1316	1	0	0	0	7	7	0	0	7	3	
1317	1	0	0	0	7	7	0	0	7	3	
1318	1	0	0	0	7	7	0	0	7	3	
1319	1	0	0	0	7	7	0	0	7	3	
1320	1	0	0	0	7	7	0	0	7	3	
1321	1	0	0	0	7	7	0	0	7	3	
1322	1	0	0	0	7	7	0	0	7	3	
1323	1	0	0	0	7	7	0	0	7	3	
1324	1	0	0	0	7	7	0	0	7	3	
1325	1	0	0	0	7	7	0	0	7	3	
1326	1	0	0	0	7	7	0	0	7	3	
1327	1	0	0	0	7	7	0	0	7	3	
1328	1	0	0	0	7	7	0	0	7	3	
1329	1	0	0	0	7	7	0	0	7	3	
1330	1	0	0	0	7	7	0	0	7	3	
1331	1	0	0	0	7	7	0	0	7	3	
1332	1	0	0	0	7	7	0	0	7	3	
1333	1	0	0	0	7	7	0	0	7	3	
1334	1	0	0	0	7	7	0	0	7	3	
1335	1	0	0	0	7	7	0	0	7	3	
1336	1	0	0	0	7	7	0	0	7	3	
1337	1	0	0	0	7	7	0	0	7	3	
1338	1	0	0	0	7	7	0	0	7	3	
1339	1	0	0	0	7	7	0	0	7	3	
1340	1	0	0	0	7	7	0	0	7	3	
1341	1	0	0	0	7	7	0	0	7	3	
1342	1	0	0	0	7	7	0	0	7	3	
1343	1	0	0	0	7	7	0	0	7	3	
1344	1	0	0	0	7	7	0	0	7	3	
1345	1	0	0	0	7	7	0	0	7	3	
1346	1	0	0	0	7	7	0	0	7	3	
1347	1	0	0	0	7	7	0	0	7	3	
1348	1	0	0	0	7	7	0	0	7	3	
1349	1	0	0	0	7	7	0	0	7	3	
1350	1	0	0	0	7	7	0	0	7	3	
1351	1	0	0	0	7	7	0	0	7	3	
1352	1	0	0	0	7	7	0	0	7	3	
1353	1	0	0	0	7	7	0	0	7	3	
1354	1	0	0	0	7	7	0	0	7	3	
1355	7	1	0	0	7	0	0	0	7	3	
1356	7	1	0	0	7	0	0	0	7	3	
1357	7	1	0	0	7	0	0	0	7	3	
1358	7	1	0	0	7	0	0	0	7	3	
1359	7	1	0	0	7	0	0	0	7	3	
1360	7	1	0	0	7	0	0	0	7	3	
1361	0	1	0	0	7	0	0	7	7	3	
1362	0	1	0	0	7	0	0	7	7	3	
1363	0	1	0	0	7	0	0	7	7	3	
1364	0	1	0	0	7	0	0	7	7	3	
1365	0	1	0	0	7	0	0	7	7	3	
1366	0	1	0	0	7	0	0	7	7	3	
1367	0	1	0	0	7	0	0	7	7	3	
1368	0	1	0	0	7	0	0	7	7	3	
1369	0	1	0	0	7	0	0	7	7	3	
1370	0	1	0	0	7	0	0	7	7	3	
1371	0	1	0	0	7	0	0	7	7	3	
1372	0	1	0	0	7	0	0	7	7	3	
1373	0	1	0	0	7	0	0	7	7	3	
1374	0	1	0	0	7	0	0	7	7	3	
1375	0	1	0	0	7	0	0	7	7	3	
1376	0	1	0	0	7	0	0	7	7	3	
1377	0	1	0	0	7	0	0	7	7	3	
1378	0	1	0	0	7	0	0	7	7	3	
1379	0	1	0	0	7	0	0	7	7	3	
1380	0	1	0	0	7	0	0	7	7	3	
1381	0	1	0	0	7	0	0	7	7	3	
1382	0	1	0	0	7	0	0	7	7	3	
1383	0	1	0	0	7	0	0	7	7	3	
1384	0	1	0	0	7	0	0	7	7	3	
1385	0	1	0	0	7	0	0	7	7	3	
1386	0	1	0	0	7	0	0	7	7	3	
1387	0	1	0	0	7	0	0	7	7	3	
1388	0	1	0	0	7	0	0	7	7	3	
1389	0	1	0	0	7	0	0	7	7	3	
1390	0	1	0	0	7	0	0	7	7	3	
1391	0	1	0	0	7	0	0	7	7	3	
1392	0	1	0	0	7	0	0	7	7	3	
1393	0	1	0	0	7	0	0	7	7	3	
1394	0	1	0	0	7	0	0	7	7	3	
1395	0	1	0	0	7	0	0	7	7	3	
1396	0	1	0	0	7	0	0	7	7	3	
1397	0	1	0	0	7	0	0	7	7	3	
1398	0	1	0	0	7	0	0	7	7	3	
1399	0	1	0	0	7	0	0	7	7	3	
1400	0	1	0	0	7	0	0	7	7	3	
1401	0	1	0	0	7	0	0	7	7	3	
1402	0	1	0	0	7	0	0	7	7	3	
1403	0	1	0	0	7	0	0	7	7	3	
1404	0	1	0	0	7	0	0	7	7	3	
1405	0	1	0	0	7	0	0	7	7	3	
1406	0	1	0	0	7	0	0	7	7	3	
1407	0	1	0	0	7	0	0	7	7	3	
1408	0	1	0	0	7	0	0	7	7	3	
1409	0	1	0	0	7	0	0	7	7	3	
1410	0	1	0	0	7	0	0	7	7	3	
1411	0	1	0	0	7	0	0	7	7	3	
1412	0	1	0	0	7	0	0	7	7	3	
1413	0	1	0	0	7	0	0	7	7	3	
1414	0	1	0	0	7	0	0	7	7	3	
1415	0	1	0	0	7	0	0	7	7	3	
1416	0	1	0	0	7	0	0	7	7	3	
1417	0	1	0	0	7	0	0	7	7	3	
1418	0	1	0	0	7	0	0	7	7	3	
1419	0	1	0	0	7	0	0	7	7	3	
1420	0	1	0	0	7	0	0	7	7	3	
1421	0	1	0	0	7	0	0	7	7	3	
1422	0	1	0	0	7	0	0	7	7	3	
1423	0	1	0	0	7	0	0	7	7	3	
1424	0	1	0	0	7	0	0	7	7	3	
1425	0	1	0	0	7	0	0	7	7	3	
1426	0	1	0	0	7	0	0	7	7	3	
1427	0	1	0	0	7	0	0	7	7	3	
1428	0	1	0	0	7	0	0	7	7	3	
1429	0	1	0	0	7	0	0	7	7	3	
1430	0	1	0	0	7	0	0	7	7	3	
1431	0	1	0	0	7	0	0	7	7	3	
1432	0	1	0	0	7	0	0	7	7	3	
1433	0	1	0	0	7	0	0	7	7	3	
1434	0	1	0	0	7	0	0	7	7	3	
1435	0	1	0	0	7	0	0	7	7	3	
1436	0	1	0	0	7	0	0	7	7	3	
1437	0	1	0	0	7	0	0	7	7	3	
1438	0	1	0	0	7	0	0	7	7	3	
1439	0	1	0	0	7	0	0	7	7	3	
1440	0	1	0	0	7	0	0	7	7	3	
1441	0	1	0	0	7	0	0	7	7	3	
1442	0	1	0	0	7	0	0	7	7	3	
1443	0	1	0	0	7	0	0	7	7	3	
1444	0	1	0	0	7	0	0	7	7	3	
1445	0	1	0	0	7	0	0	7	7	3	
1446	0	1	0	0	7	0	0	7	7	3	
1447	0	1	0	0	7	0	0	7	7	3	
1448	0	1	0	0	7	0	0	7	7	3	
1449	0	1	0	0	7	0	0	7	7	3	
1450	0	1	0	0	7	0	0	7	7	3	
1451	0	1	0	0	7	0	0	7	7	3	
1452	0	1	0	0	7	0	0	7	7	3	
1453	0	1	0	0	7	0	0	7	7	3	
1454	0	1	0	0	7	0	0	7	7	3	
1455	0	1	0	0	7	0	0	7	7	3	
1456	0	1	0	0	7	0	0	7	7	3	
1457	0	1	0	0	7	0	0	7	7	3	
1458	0	1	0	0	7	0	0	7	7	3	
1459	0	1	0	0	7	0	0	7	7	3	
1460	0	1	0	0	7	0	0	7	7	3	
1461	0	1	0	0	7	0	0	7	7	3	
1462	0	1	0	0	7	0	0	7	7	3	
1463	0	1	0	0	7	0	0	7	7	3	
1464	0	1	0	0	7	0	0	7	7	3	
1465	0	1	0	0	7	0	0	7	7	3	
1466	0	1	0	0	7	0	0	7	7	3	
1467	0	1	0	0	7	0	0	7	7	3	
1468	0	1	0	0	7	0	0	7	7	3	
1469	0	1	0	0	7	0	0	7	7	3	
1470	0	1	0	0	7	0	0	7	7	3	
1471	0	1	0	0	7	0	0	7	7	3	
1472	0	1	0	0	7	0	0	7	7	3	
1473	0	1	0	0	7	0	0	7	7	3	
1474	0	1	0	0	7	0	0	7	7	3	
1475	0	1	0	0	7	0	0	7	7	3	
1476	0	1	0	0	7	0	0	7	7	3	
1477	0	1	0	0	7	0	0	7	7	3	
1478	0	1	0	0	7	0	0	7	7	3	
1479	0	1	0	0	7	0	0	7	7	3	
1480	0	1	0	0	7	0	0	7	7	3	
1481	0	1	0	0	7	0	0	7	7	3	
1482	0	1	0	0	7	0	0	7	7	3	
1483	0	1	0	0	7	0	0	7	7	3	
1484	0	1	0	0	7	0	0	7	7	3	
1485	0	1	0	0	7	0	0	7	7	3	
1486	0	1	0	0	7	0	0	7	7	3	
1487	0	1	0	0	7	0	0	7	7	3	
1488	0	1	0	0	7	0	0	7	7	3	
1489	0	1	0	0	7	0	0	7	7	3	
1490	0	1	0	0	7	0	0	7	7	3	
1491	0	1	0	0	7	0	0	7	7	3	
1492	0	1	0	0	7	0	0	7	7	3	
1493	0	1	0	0	7	0	0	7	7	3	
1494	0	1	0	0	7	0	0	7	7	3	
1495	0	1	0	0	7	0	0	7	7	3	
1496	0	1	0	0	7	0	0	7	7	3	
1497	0	1	0	0	7	0	0	7	7	3	
1498	0	1	0	0	7	0	0	7	7	3	
1499	0	1	0	0	7	0	0	7	7	3	
1500	0	1	0	0	7	0	0	7	7	3	
1501	0	1	0	0	7	0	0	7	7	3	
1502	0	1	0	0	7	0	0	7	7	3	
1503	0	1	0	0	7	0	0	7	7	3	
1504	0	1	0	0	7	0	0	7	7	3	
1505	0	1	0	0	7	0	0	7	7	3	
1506	0	1	0	0	7	0	0	7	7	3	
1507	0	1	0	0	7	0	0	7	7	3	
1508	0	1	0	0	7	0	0	7	7	3	
1509	0	1	0	0	7	0	0	7	7	3	
1510	0	1	0	0	7	0	0	7	7	3	
1511	0	1	0	0	7	0	0	7	7	3	
1512	0	1	0	0	7	0	0	7	7	3	
1513	0	1	0	0	7	0	0	7	7	3	
1514	0	1	0	0	7	0	0	7	7	3	
1515	0	1	0	0	7	0	0	7	7	3	
1516	0	1	0	0	7	0	0	7	7	3	
1517	0	1	0	0	7	0	0	7	7	3	
1518	0	1	0	0	7	0	0	7	7	3	
1519	0	1	0	0	7	0	0	7	7	3	
1520	0	1	0	0	7	0	0	7	7	3	
1521	0	1	0	0	7	0	0	7	7	3	
1522	0	1	0	0	7	0	0	7	7	3	
1523	0	1	0	0	7	0	0	7	7	3	
1524	0	1	0	0	7	0	0	7	7	3	
1525	0	1	0	0	7	0	0	7	7	3	
1526	0	1	0	0	7	0	0	7	7	3	
1527	0	1	0	0	7	0	0	7	7	3	
1528	0	1	0	0	7	0	0	7	7	3	
1529	0	1	0	0	7	0	0	7	7	3	
1530	0	1	0	0	7	0	0	7	7	3	
1531	0	1	0	0	7	0	0	7	7	3	
1532	0	1	0	0	7	0	0	7	7	3	
1533	0	1	0	0	7	0	0	7	7	3	
1534	0	1	0	0	7	0	0	7	7	3	
1535	0	1	0	0	7	0	0	7	7	3	
1536	0	1	0	0	7	0	0	7	7	3	
1537	0	1	0	0	7	0	0	7	7	3	
1538	0	1	0	0	7	0	0	7	7	3	
1539	0	1	0	0	7	0	0	7	7	3	
1540	0	1	0	0	7	0	0	7	7	3	
1541	0	1	0	0	7	0	0	7	7	3	
1542	0	1	0	0	7	0	0	7	7	3	
1543	0	1	0	0	7	0	0	7	7	3	
1544	0	1	0	0	7	0	0	7	7	3	
1545	0	1	0	0	7	0	0	7	7	3	
1546	0	1	0	0	7	0	0	7	7	3	
1547	0	1	0	0	7	0	0	7	7	3	
1548	0	1	0	0	7	0	0	7	7	3	
1549	0	1	0	0	7	0	0	7	7	3	
1550	0	1	0	0	7	0	0	7	7	3	
1551	0	1	0	0	7	0	0	7	7	3	
1552	0	1	0	0	7	0	0	7	7	3	
1553	0	1	0	0	7	0	0	7	7	3	
1554	0	1	0	0	7	0	0	7	7	3	
1555	0	1	0	0	7	0	0	7	7	3	
1556	0	1	0	0	7	0	0	7	7	3	
1557	0	1	0	0	7	0	0	7	7	3	
1558	0	1	0	0	7	0	0	7	7	3	
1559	0	1	0	0	7	0	0	7	7	3	
1560	0	1	0	0	7	0	0	7	7	3	
1561	0	1	0	0	7	0	0	7	7	3	
1562	0	1	0	0	7	0	0	7	7	3	
1563	0	1	0	0	7	0	0	7	7	3	
1564	0	1	0	0	7	0	0	7	7	3	
1565	0	1	0	0	7	0	0	7	7	3	
1566	0	1	0	0	7	0	0	7	7	3	
1567	0	1	0	0	7	0	0	7	7	3	
1568	2	0	0	0	7	0	0	7	7	3	
1569	2	0	0	0	7	0	0	7	7	3	
1570	2	0	0	0	7	0	0	7	7	3	
1571	2	0	0	0	7	0	0	7	7	3	
1572	2	0	0	0	7	0	0	7	7	3	
1573	2	0	0	0	7	0	0	7	7	3	
1574	2	0	0	0	7	0	0	7	7	3	
1575	2	0	0	0	7	0	0	7	7	3	
1576	2	0	0	0	7	0	0	7	7	3	
1577	2	0	0	0	7	0	0	7	7	3	
1578	2	0	0	0	7	0	0	7	7	3	
1579	2	0	0	0	7	0	0	7	7	3	
1580	2	0	0	0	7	0	0	7	7	3	
1581	2	0	0	0	7	0	0	7	7	3	
1582	2	0	0	0	7	0	0	7	7	3	
1583	2	0	0	0	7	0	0	7	7	3	
1584	2	0	0	0	7	0	0	7	7	3	
1585	2	0	0	0	7	0	0	7	7	3	
1586	2	0	0	0	7	0	0	7	7	3	
1587	2	0	0	0	7	0	0	7	7	3	
1588	2	0	0	0	7	0	0	7	7	3	
1589	2	0	0	0	7	0	0	7	7	3	
1590	2	0	0	0	7	0	0	7	7	3	
1591	2	0	0	0	7	0	0	7	7	3	
1592	2	0	0	0	7	0	0	7	7	3	
1593	2	0	0	0	7	0	0	7	7	3	
1594	2	0	0	0	7	0	0	7	7	3	
1595	2	0	0	0	7	0	0	7	7	3	
1596	2	0	0	0	7	0	0	7	7	3	
1597	2	0	0	0	7	0	0	7	7	3	
1598	0	0	0	2	7	0	0	7	7	3	
1599	0	0	0	2	7	0	0	7	7	3	
1600	0	0	0	2	7	0	0	7	7	3	
1601	0	0	0	2	7	0	0	7	7	3	
1602	0	0	0	2	7	0	0	7	7	3	
1603	0	0	0	2	7	0	0	7	7	3	
1604	0	0	0	2	7	0	0	7	7	3	
1605	0	0	0	2	7	0	0	7	7	3	
1606	0	0	0	2	7	0	0	7	7	3	
1607	0	0	0	2	7	0	0	7	7	3	
1608	0	0	0	2	7	0	0	7	7	3	
1609	0	0	0	2	7	0	0	7	7	3	
1610	0	0	0	2	7	0	0	7	7	3	
1611	0	0	0	2	7	0	0	7	7	3	
1612	0	0	0	2	7	0	0	7	7	3	
1613	0	0	0	2	7	0	0	7	7	3	
1614	0	0	0	2	7	0	0	7	7	3	
1615	0	0	0	2	7	0	0	7	7	3	
1616	0	0	0	2	7	0	0	7	7	3	
1617	0	0	0	2	7	0	0	7	7	3	
1618	0	0	0	2	7	0	0	7	7	3	
1619	0	0	0	2	7	0	0	7	7	3	
1620	0	0	0	2	7	0	0	7	7	3	
1621	0	0	0	2	7	0	0	7	7	3	
1622	0	0	0	2	7	0	0	7	7	3	
1623	0	0	0	2	7	0	0	7	7	3	
1624	0	0	0	2	7	0	0	7	7	3	
1625	0	0	0	2	7	0	0	7	7	3	
1626	0	0	0	2	7	0	0	7	7	3	
1627	0	0	0	2	7	0	0	7	7	3	
1628	0	0	0	2	7	0	0	7	7	3	
1629	0	0	0	2	7	0	0	7	7	3	
1630	0	0	0	2	7	0	0	7	7	3	
1631	0	0	0	2	7	0	0	7	7	3	
1632	0	0	0	2	7	0	0	7	7	3	
1633	0	0	0	2	7	0	0	7	7	3	
1634	0	0	0	2	7	0	0	7	7	3	
1635	0	0	0	2	7	0	0	7	7	3	
1636	0	0	0	2	7	0	0	7	7	3	
1637	0	0	0	2	7	0	0	7	7	3	
1638	0	0	0	2	7	0	0	7	7	3	
1639	0	0	0	2	7	0	0	7	7	3	
1640	0	0	0	2	7	0	0	7	7	3	
1641	0	0	0	2	7	0	0	7	7	3	
1642	0	0	0	2	7	0	0	7	7	3	
1643	0	0	0	2	7	0	0	7	7	3	
1644	0	0	0	2	7	0	0	7	7	3	
1645	0	0	0	2	7	0	0	7	7	3	
1646	0	0	0	2	7	0	0	7	7	3	
1647	0	0	0	2	7	0	0	7	7	3	
1648	0	0	0	2	7	0	0	7	7	3	
1649	0	0	0	2	7	0	0	7	7	3	
1650	0	0	0	2	7	0	0	7	7	3	
1651	0	0	0	2	7	0	0	7	7	3	
1652	0	0	0	2	7	0	0	7	7	3	
1653	0	0	0	2	7	0	0	7	7	3	
1654	0	0	0	2	7	0	0	7	7	3	
1655	0	0	0	2	7	0	0	7	7	3	
1656	0	0	0	2	3	0	0	7	8	3	
1657	0	0	0	2	3	0	0	7	8	3	
1658	0	0	0	2	3	0	0	7	8	3	
1659	0	0	0	2	3	0	0	7	8	3	
1660	0	0	0	2	3	0	0	7	8	3	
1661	0	0	0	2	3	0	0	7	8	3	
1662	0	0	0	2	3	0	0	7	8	3	
1663	0	0	0	2	3	0	0	7	8	3	
1664	0	0	0	2	3	0	0	7	8	3	
1665	0	0	0	2	3	0	0	7	8	3	
1666	0	0	0	2	3	0	0	7	8	3	
1667	0	0	0	2	3	0	0	7	8	3	
1668	0	0	0	2	3	0	0	7	8	3	
1669	0	0	0	2	3	0	0	7	8	3	
1670	0	0	0	2	3	0	0	7	8	3	
1671	0	0	0	2	3	0	0	7	8	3	
1672	0	0	0	2	3	0	0	7	8	3	
1673	0	0	0	2	3	0	0	7	8	3	
1674	0	0	0	2	3	0	0	7	8	3	
1675	0	0	0	2	3	0	0	7	8	3	
1676	0	0	0	2	3	0	0	7	8	3	
1677	0	0	0	2	3	0	0	7	8	3	
1678	0	0	0	2	3	0	0	7	8	3	
1679	0	0	0	2	3	0	0	7	8	3	
1680	0	0	0	2	3	0	0	7	8	3	
1681	0	0	0	2	3	0	0	7	8	3	
1682	0	0	0	2	3	0	0	7	8	3	
1683	0	0	0	2	3	0	0	7	8	3	
1684	0	0	0	2	3	0	0	7	8	3	
1685	0	0	0	2	3	0	0	7	8	3	
1686	0	0	0	2	3	0	0	7	8	3	
1687	0	0	0	2	3	0	0	7	8	3	
1688	3	0	0	0	3	0	0	7	8	3	
1689	3	0	0	0	3	0	0	7	8	3	
1690	3	0	0	0	3	0	0	7	8	3	
1691	3	0	0	0	3	0	0	7	8	3	
1692	3	0	0	0	3	0	0	7	8	3	
1693	3	0	0	0	3	0	0	7	8	3	
1694	3	0	0	0	3	0	0	7	8	3	
1695	3	0	0	0	3	0	0	7	8	3	
1696	3	0	0	0	3	0	0	7	8	3	
1697	3	0	0	0	3	0	0	7	8	3	
1698	3	0	0	0	3	0	0	7	8	3	
1699	3	0	0	0	3	0	0	7	8	3	
1700	8	0	0	0	3	3	0	7	0	3	
1701	8	0	0	0	3	3	0	7	0	3	
1702	8	0	0	0	3	3	0	7	0	3	
1703	8	0	0	0	3	3	0	7	0	3	
1704	8	0	0	0	3	3	0	7	0	3	
1705	8	0	0	0	3	3	0	7	0	3	
1706	8	0	0	0	3	3	0	7	0	3	
1707	8	0	0	0	3	3	0	7	0	3	
1708	8	0	0	0	3	3	0	7	0	3	
1709	8	0	0	0	3	3	0	7	0	3	
1710	8	0	0	0	3	3	0	7	0	3	
1711	8	0	0	0	3	3	0	7	0	3	
1712	8	0	0	0	3	3	0	7	0	3	
1713	8	0	0	0	3	3	0	7	0	3	
1714	8	0	0	0	3	3	0	7	0	3	
1715	8	0	0	0	3	3	0	7	0	3	
1716	8	0	0	0	3	3	0	7	0	3	
1717	8	0	0	0	3	3	0	7	0	3	
1718	8	0	0	0	3	3	0	7	0	3	
1719	8	0	0	0	3	3	0	7	0	3	
1720	8	0	0	0	3	3	0	7	0	3	
1721	8	0	0	0	3	3	0	7	0	3	
1722	8	0	0	0	3	3	0	7	0	3	
1723	8	0	0	0	3	3	0	7	0	3	
1724	8	0	0	0	3	3	0	7	0	3	
1725	8	0	0	0	3	3	0	7	0	3	
1726	8	0	0	0	3	3	0	7	0	3	
1727	8	0	0	0	3	3	0	7	0	3	
1728	8	0	0	0	3	3	0	7	0	3	
1729	8	0	0	0	3	3	0	7	0	3	
1730	1	0	0	0	3	3	0	7	0	3	
1731	1	0	0	0	3	3	0	7	0	3	
1732	1	0	0	0	3	3	0	7	0	3	
1733	1	0	0	0	3	3	0	7	0	3	
1734	1	0	0	0	3	3	0	7	0	3	
1735	1	0	0	0	3	3	0	7	0	3	
1736	1	0	0	0	3	3	0	7	0	3	
1737	1	0	0	0	3	3	0	7	0	3	
1738	1	0	0	0	3	3	0	7	0	3	
1739	1	0	0	0	3	3	0	7	0	3	
1740	1	0	0	0	3	3	0	7	0	3	
1741	1	0	0	0	3	3	0	7	0	3	
1742	1	0	0	0	3	3	0	7	0	3	
1743	1	0	0	0	3	3	0	7	0	3	
1744	1	0	0	0	3	3	0	7	0	3	
1745	1	0	0	0	3	3	0	7	0	3	
1746	1	0	0	0	3	3	0	7	0	3	
1747	1	0	0	0	3	3	0	7	0	3	
1748	1	0	0	0	3	3	0	7	0	3	
1749	1	0	0	0	3	3	0	7	0	3	
1750	1	0	0	0	3	3	0	7	0	3	
1751	1	0	0	0	3	3	0	7	0	3	
1752	1	0	0	0	3	3	0	7	0	3	
1753	1	0	0	0	3	3	0	7	0	3	
1754	1	0	0	0	3	3	0	7	0	3	
1755	1	0	0	0	3	3	0	7	0	3	
1756	1	0	0	0	3	3	0	7	0	3	
1757	1	0	0	0	3	3	0	7	0	3	
1758	1	0	0	0	3	3	0	7	0	3	
1759	1	0	0	0	3	3	0	7	0	3	
1760	1	0	0	0	3	3	0	7	0	3	
1761	1	0	0	0	3	3	0	7	0	3	
1762	1	0	0	0	3	3	0	7	0	3	
1763	1	0	0	0	3	3	0	7	0	3	
1764	1	0	0	0	3	3	0	7	0	3	
1765	1	0	0	0	3	3	0	7	0	3	
1766	1	0	0	0	3	3	0	7	0	3	
1767	1	0	0	0	3	3	0	7	0	3	
1768	1	0	0	0	3	3	0	7	0	3	
1769	1	0	0	0	3	3	0	7	0	3	
1770	1	0	0	0	3	3	0	7	0	3	
1771	1	0	0	0	3	3	0	7	0	3	
1772	1	0	0	0	3	3	0	7	0	3	
1773	1	0	0	0	3	3	0	7	0	3	
1774	1	0	0	0	3	3	0	7	0	3	
1775	1	0	0	0	3	3	0	7	0	3	
1776	1	0	0	0	3	3	0	7	0	3	
1777	1	0	0	0	3	3	0	7	0	3	
1778	1	0	0	0	3	3	0	7	0	3	
1779	1	0	0	0	3	3	0	7	0	3	
1780	3	1	0	0	3	0	0	7	0	3	
1781	3	1	0	0	3	0	0	7	0	3	
1782	3	1	0	0	3	0	0	7	0	3	
1783	3	1	0	0	3	0	0	7	0	3	
1784	3	1	0	0	3	0	0	7	0	3	
1785	3	1	0	0	3	0	0	7	0	3	
1786	0	1	0	0	3	0	0	7	3	3	
1787	0	1	0	0	3	0	0	7	3	3	
1788	0	1	0	0	3	0	0	7	3	3	
1789	0	1	0	0	3	0	0	7	3	3	
1790	0	1	0	0	3	0	0	7	3	3	
1791	0	1	0	0	3	0	0	7	3	3	
1792	0	1	0	0	3	0	0	7	3	3	
1793	0	1	0	0	3	0	0	7	3	3	
1794	0	1	0	0	3	0	0	7	3	3	
1795	0	1	0	0	3	0	0	7	3	3	
1796	0	1	0	0	3	0	0	7	3	3	
1797	0	1	0	0	3	0	0	7	3	3	
1798	0	1	0	0	3	0	0	7	3	3	
1799	0	1	0	0	3	0	0	7	3	3	
1800	0	1	0	0	3	0	0	7	3	3	
1801	0	1	0	0	3	0	0	7	3	3	
1802	0	1	0	0	3	0	0	7	3	3	
1803	0	1	0	0	3	0	0	7	3	3	
1804	0	1	0	0	3	0	0	7	3	3	
1805	0	1	0	0	3	0	0	7	3	3	
1806	0	1	0	0	3	0	0	7	3	3	
1807	0	1	0	0	3	0	0	7	3	3	
1808	0	1	0	0	3	0	0	7	3	3	
1809	0	1	0	0	3	0	0	7	3	3	
1810	0	1	0	0	3	0	0	7	3	3	
1811	0	1	0	0	3	0	0	7	3	3	
1812	0	1	0	0	3	0	0	7	3	3	
1813	0	1	0	0	3	0	0	7	3	3	
1814	0	1	0	0	3	0	0	7	3	3	
1815	0	1	0	0	3	0	0	7	3	3	
1816	0	1	0	0	3	0	0	7	3	3	
1817	0	1	0	0	3	0	0	7	3	3	
1818	0	1	0	0	3	0	0	7	3	3	
1819	0	1	0	0	3	0	0	7	3	3	
1820	0	1	0	0	3	0	0	7	3	3	
1821	0	1	0	0	3	0	0	7	3	3	
1822	0	1	0	0	3	0	0	7	3	3	
1823	0	1	0	0	3	0	0	7	3	3	
1824	0	1	0	0	3	0	0	7	3	3	
1825	0	1	0	0	3	0	0	7	3	3	
1826	0	1	0	0	3	0	0	7	3	3	
1827	0	1	0	0	3	0	0	7	3	3	
1828	0	1	0	0	3	0	0	7	3	3	
1829	0	1	0	0	3	0	0	7	3	3	
1830	0	1	0	0	3	0	0	7	3	3	
1831	0	1	0	0	3	0	0	7	3	3	
1832	0	1	0	0	3	0	0	7	3	3	
1833	0	1	0	0	3	0	0	7	3	3	
1834	0	1	0	0	3	0	0	7	3	3	
1835	0	1	0	0	3	0	0	7	3	3	
1836	0	1	0	0	3	0	0	7	3	3	
1837	0	1	0	0	3	0	0	7	3	3	
1838	0	1	0	0	3	0	0	7	3	3	
1839	0	1	0	0	3	0	0	7	3	3	
1840	0	1	0	0	3	0	0	7	3	3	
1841	0	1	0	0	3	0	0	7	3	3	
1842	0	1	0	0	3	0	0	7	3	3	
1843	0	1	0	0	3	0	0	7	3	3	
1844	0	1	0	0	3	0	0	7	3	3	
1845	0	1	0	0	3	0	0	7	3	3	
1846	0	1	0	0	3	0	0	7	3	3	
1847	0	1	0	0	3	0	0	7	3	3	
1848	0	1	0	0	3	0	0	7	3	3	
1849	0	1	0	0	3	0	0	7	3	3	
1850	0	1	0	0	3	0	0	7	3	3	
1851	0	1	0	0	3	0	0	7	3	3	
1852	0	1	0	0	3	0	0	7	3	3	
1853	0	1	0	0	3	0	0	7	3	3	
1854	0	1	0	0	3	0	0	7	3	3	
1855	0	1	0	0	3	0	0	7	3	3	
1856	0	1	0	0	3	0	0	7	3	3	
1857	0	1	0	0	3	0	0	7	3	3	
1858	0	1	0	0	3	0	0	7	3	3	
1859	0	1	0	0	3	0	0	7	3	3	
1860	0	1	0	0	3	0	0	7	3	3	
1861	0	1	0	0	3	0	0	7	3	3	
1862	0	1	0	0	3	0	0	7	3	3	
1863	0	1	0	0	3	0	0	7	3	3	
1864	0	1	0	0	3	0	0	7	3	3	
1865	0	1	0	0	3	0	0	7	3	3	
1866	0	1	0	0	3	0	0	7	3	3	
1867	0	1	0	0	3	0	0	7	3	3	
1868	0	1	0	0	3	0	0	7	3	3	
1869	0	1	0	0	3	0	0	7	3	3	
1870	0	1	0	0	3	0	0	7	3	3	
1871	0	1	0	0	3	0	0	7	3	3	
1872	0	1	0	0	3	0	0	7	3	3	
1873	0	1	0	0	3	0	0	7	3	3	
1874	0	1	0	0	3	0	0	7	3	3	
1875	0	1	0	0	3	0	0	7	3	3	
1876	0	1	0	0	3	0	0	7	3	3	
1877	0	1	0	0	3	0	0	7	3	3	
1878	0	1	0	0	3	0	0	7	3	3	
1879	0	1	0	0	3	0	0	7	3	3	
1880	0	1	0	0	3	0	0	7	3	3	
1881	0	1	0	0	3	0	0	7	3	3	
1882	0	1	0	0	3	0	0	7	3	3	
1883	0	1	0	0	3	0	0	7	3	3	
1884	0	1	0	0	3	0	0	7	3	3	
1885	0	1	0	0	3	0	0	7	3	3	
1886	0	1	0	0	3	0	0	7	3	3	
1887	0	1	0	0	3	0	0	7	3	3	
1888	0	1	0	0	3	0	0	7	3	3	
1889	0	1	0	0	3	0	0	7	3	3	
1890	0	1	0	0	3	0	0	7	3	3	
1891	0	1	0	0	3	0	0	7	3	3	
1892	0	1	0	0	3	0	0	7	3	3	
1893	0	1	0	0	3	0	0	7	3	3	
1894	0	1	0	0	3	0	0	7	3	3	
1895	0	1	0	0	3	0	0	7	3	3	
1896	0	1	0	0	3	0	0	7	3	3	
1897	0	1	0	0	3	0	0	7	3	3	
1898	0	1	0	0	3	0	0	7	3	3	
1899	0	1	0	0	3	0	0	7	3	3	
1900	0	1	0	0	3	0	0	7	3	3	
1901	0	1	0	0	3	0	0	7	3	3	
1902	0	1	0	0	3	0	0	7	3	3	
1903	0	1	0	0	3	0	0	7	3	3	
1904	0	1	0	0	3	0	0	7	3	3	
1905	0	1	0	0	3	0	0	7	3	3	
1906	0	1	0	0	3	0	0	7	3	3	
1907	0	1	0	0	3	0	0	7	3	3	
1908	0	1	0	0	3	0	0	7	3	3	
1909	0	1	0	0	3	0	0	7	3	3	
1910	0	1	0	0	3	0	0	7	3	3	
1911	0	1	0	0	3	0	0	7	3	3	
1912	0	1	0	0	3	0	0	7	3	3	
1913	0	1	0	0	3	0	0	7	3	3	
1914	0	1	0	0	3	0	0	7	3	3	
1915	0	1	0	0	3	0	0	7	3	3	
1916	0	1	0	0	3	0	0	7	3	3	
1917	0	1	0	0	3	0	0	7	3	3	
1918	0	1	0	0	3	0	0	7	3	3	
1919	0	1	0	0	3	0	0	7	3	3	
1920	0	1	0	0	3	0	0	7	3	3	
1921	0	1	0	0	3	0	0	7	3	3	
1922	0	1	0	0	3	0	0	7	3	3	
1923	0	1	0	0	3	0	0	7	3	3	
1924	0	1	0	0	3	0	0	7	3	3	
1925	0	1	0	0	3	0	0	7	3	3	
1926	0	1	0	0	3	0	0	7	3	3	
1927	0	1	0	0	3	0	0	7	3	3	
1928	0	1	0	0	3	0	0	7	3	3	
1929	0	1	0	0	3	0	0	7	3	3	
1930	0	1	0	0	3	0	0	7	3	3	
1931	0	1	0	0	3	0	0	7	3	3	
1932	0	1	0	0	3	0	0	7	3	3	
1933	0	1	0	0	3	0	0	7	3	3	
1934	0	1	0	0	3	0	0	7	3	3	
1935	0	1	0	0	3	0	0	7	3	3	
1936	0	1	0	0	3	0	0	7	3	3	
1937	0	1	0	0	3	0	0	7	3	3	
1938	0	1	0	0	3	0	0	7	3	3	
1939	0	1	0	0	3	0	0	7	3	3	
1940	0	1	0	0	3	0	0	7	3	3	
1941	0	1	0	0	3	0	0	7	3	3	
1942	0	1	0	0	3	0	0	7	3	3	
1943	0	1	0	0	3	0	0	7	3	3	
1944	0	1	0	0	3	0	0	7	3	3	
1945	0	1	0	0	3	0	0	7	3	3	
1946	0	1	0	0	3	0	0	7	3	3	
1947	0	1	0	0	3	0	0	7	3	3	
1948	0	1	0	0	3	0	0	7	3	3	
1949	0	1	0	0	3	0	0	7	3	3	
1950	0	1	0	0	3	0	0	7	3	3	
1951	0	1	0	0	3	0	0	7	3	3	
1952	0	1	0	0	3	0	0	7	3	3	
1953	0	1	0	0	3	0	0	7	3	3	
1954	0	1	0	0	3	0	0	7	3	3	
1955	0	1	0	0	3	0	0	7	3	3	
1956	0	1	0	0	3	0	0	7	3	3	
1957	0	1	0	0	3	0	0	7	3	3	
1958	0	1	0	0	3	0	0	7	3	3	
1959	0	1	0	0	3	0	0	7	3	3	
1960	0	1	0	0	3	0	0	7	3	3	
1961	0	1	0	0	3	0	0	7	3	3	
1962	0	1	0	0	3	0	0	7	3	3	
1963	0	1	0	0	3	0	0	7	3	3	
1964	0	1	0	0	3	0	0	7	3	3	
1965	0	1	0	0	3	0	0	7	3	3	
1966	0	1	0	0	3	0	0	7	3	3	
1967	0	1	0	0	3	0	0	7	3	3	
1968	0	1	0	0	3	0	0	7	3	3	
1969	0	1	0	0	3	0	0	7	3	3	
1970	0	1	0	0	3	0	0	7	3	3	
1971	0	1	0	0	3	0	0	7	3	3	
1972	0	1	0	0	3	0	0	7	3	3	
1973	0	1	0	0	3	0	0	7	3	3	
1974	0	1	0	0	3	0	0	7	3	3	
1975	0	1	0	0	3	0	0	7	3	3	
1976	0	1	0	0	3	0	0	7	3	3	
1977	0	1	0	0	3	0	0	7	3	3	
1978	0	1	0	0	3	0	0	7	3	3	
1979	0	1	0	0	3	0	0	7	3	3	
1980	0	1	0	0	3	0	0	7	3	3	
1981	0	1	0	0	3	0	0	7	3	3	
1982	0	1	0	0	3	0	0	7	3	3	
1983	0	1	0	0	3	0	0	7	3	3	
1984	0	1	0	0	3	0	0	7	3	3	
1985	0	1	0	0	3	0	0	7	3	3	
1986	0	1	0	0	3	0	0	7	3	3	
1987	0	1	0	0	3	0	0	7	3	3	
1988	0	1	0	0	3	0	0	7	3	3	
1989	0	1	0	0	3	0	0	7	3	3	
1990	0	1	0	0	3	0	0	7	3	3	
1991	0	1	0	0	3	0	0	7	3	3	
1992	0	1	0	0	3	0	0	7	3	3	
1993	0	1	0	0	3	0	0	7	3	3	
1994	0	1	0	0	3	0	0	7	3	3	
1995	0	1	0	0	3	0	0	7	3	3	
1996	0	1	0	0	3	0	0	7	3	3	
1997	0	1	0	0	3	0	0	7	3	3	
1998	0	1	0	0	3	0	0	7	3	3	
1999	2	0	0	0	3	0	0	7	3	3	
2000	2	0	0	0	3	0	0	7	3	3	
2001	2	0	0	0	3	0	0	7	3	3	
2002	2	0	0	0	3	0	0	7	3	3	
2003	2	0	0	0	3	0	0	7	3	3	
2004	2	0	0	0	3	0	0	7	3	3	
2005	2	0	0	0	3	0	0	7	3	3	
2006	2	0	0	0	3	0	0	7	3	3	
2007	2	0	0	0	3	0	0	7	3	3	
2008	2	0	0	0	3	0	0	7	3	3	
2009	2	0	0	0	3	0	0	7	3	3	
2010	2	0	0	0	3	0	0	7	3	3	
2011	2	0	0	0	3	0	0	7	3	3	
2012	2	0	0	0	3	0	0	7	3	3	
2013	2	0	0	0	3	0	0	7	3	3	
2014	2	0	0	0	3	0	0	7	3	3	
2015	2	0	0	0	3	0	0	7	3	3	
2016	2	0	0	0	3	0	0	7	3	3	
2017	2	0	0	0	3	0	0	7	3	3	
2018	2	0	0	0	3	0	0	7	3	3	
2019	2	0	0	0	3	0	0	7	3	3	
2020	2	0	0	0	3	0	0	7	3	3	
2021	2	0	0	0	3	0	0	7	3	3	
2022	2	0	0	0	3	0	0	7	3	3	
2023	2	0	0	0	3	0	0	7	3	3	
2024	2	0	0	0	3	0	0	7	3	3	
2025	2	0	0	0	3	0	0	7	3	3	
2026	2	0	0	0	3	0	0	7	3	3	
2027	2	0	0	0	3	0	0	7	3	3	
2028	2	0	0	0	3	0	0	7	3	3	
2029	0	0	0	2	3	0	0	7	3	3	
2030	0	0	0	2	3	0	0	7	3	3	
2031	0	0	0	2	3	0	0	7	3	3	
2032	0	0	0	2	3	0	0	7	3	3	
2033	0	0	0	2	3	0	0	7	3	3	
2034	0	0	0	2	3	0	0	7	3	3	
2035	0	0	0	2	3	0	0	7	3	3	
2036	0	0	0	2	3	0	0	7	3	3	
2037	4	0	0	2	7	0	0	7	3	0	
2038	4	0	0	2	7	0	0	7	3	0	
2039	4	0	0	2	7	0	0	7	3	0	
2040	4	0	0	2	7	0	0	7	3	0	
2041	4	0	0	2	7	0	0	7	3	0	
2042	4	0	0	2	7	0	0	7	3	0	
2043	4	0	0	2	7	0	0	7	3	0	
2044	4	0	0	2	7	0	0	7	3	0	
2045	4	0	0	2	7	0	0	7	3	0	
2046	4	0	0	2	7	0	0	7	3	0	
2047	4	0	0	2	7	0	0	7	3	0	
2048	4	0	0	2	7	0	0	7	3	0	
2049	0	0	0	2	7	0	4	7	3	0	
2050	0	0	0	2	7	0	4	7	3	0	
2051	0	0	0	2	7	0	4	7	3	0	
2052	0	0	0	2	7	0	4	7	3	0	
2053	0	0	0	2	7	0	4	7	3	0	
2054	0	0	0	2	7	0	4	7	3	0	
2055	0	0	0	2	7	0	4	7	3	0	
2056	0	0	0	2	7	0	4	7	3	0	
2057	0	0	0	2	7	0	4	7	3	0	
2058	0	0	0	2	7	0	4	7	3	0	
2059	0	0	0	2	7	0	4	7	3	0	
2060	0	0	0	2	7	0	4	7	3	0	
2061	0	0	0	2	7	0	4	7	3	0	
2062	0	0	0	2	7	0	4	7	3	0	
2063	0	0	0	2	7	0	4	7	3	0	
2064	0	0	0	2	7	0	4	7	3	0	
2065	0	0	0	2	7	0	4	7	3	0	
2066	0	0	0	2	7	0	4	7	3	0	
2067	0	0	0	2	7	0	4	7	3	0	
2068	0	0	0	2	7	0	4	7	3	0	
2069	0	0	0	2	7	0	4	7	3	0	
2070	0	0	0	2	7	0	4	7	3	0	
2071	0	0	0	2	7	0	4	7	3	0	
2072	0	0	0	2	7	0	4	7	3	0	
2073	0	0	0	2	7	0	4	7	3	0	
2074	0	0	0	2	7	0	4	7	3	0	
2075	0	0	0	2	7	0	4	7	3	0	
2076	0	0	0	2	7	0	4	7	3	0	
2077	0	0	0	2	7	0	4	7	3	0	
2078	0	0	0	2	7	0	4	7	3	0	
2079	0	0	0	2	7	0	4	7	3	0	
2080	0	0	0	2	7	0	4	7	3	0	
2081	0	0	0	2	7	0	6	7	3	0	
2082	0	0	0	2	7	0	6	7	3	0	
2083	0	0	0	2	7	0	6	7	3	0	
2084	0	0	0	2	7	0	6	7	3	0	
2085	0	0	0	2	7	0	6	7	3	0	
2086	0	0	0	2	7	0	6	7	3	0	
2087	0	0	0	2	7	0	6	7	3	0	
2088	0	0	0	2	7	0	6	7	3	0	
2089	0	0	0	2	7	0	6	7	3	0	
2090	0	0	0	2	7	0	6	7	3	0	
2091	0	0	0	2	7	0	6	7	3	0	
2092	0	0	0	2	7	0	6	7	3	0	
2093	0	0	0	2	7	0	6	7	3	0	
2094	0	0	0	2	7	0	6	7	3	0	
2095	0	0	0	2	7	0	6	7	3	0	
2096	0	0	0	2	7	0	6	7	3	0	
2097	0	0	0	2	7	0	6	7	3	0	
2098	0	0	0	2	7	0	6	7	3	0	
2099	0	0	0	2	7	0	6	7	3	0	
2100	0	0	0	2	7	0	6	7	3	0	
2101	0	0	0	2	7	0	6	7	3	0	
2102	0	0	0	2	7	0	6	7	3	0	
2103	0	0	0	2	7	0	6	7	3	0	
2104	0	0	0	2	7	0	6	7	3	0	
2105	0	0	0	2	7	0	6	7	3	0	
2106	0	0	0	2	7	0	6	7	3	0	
2107	0	0	0	2	7	0	6	7	3	0	
2108	0	0	0	2	7	0	6	7	3	0	
2109	0	0	0	2	7	0	6	7	3	0	
2110	0	0	0	2	7	0	6	7	3	0	
2111	0	0	0	2	7	0	6	7	3	0	
2112	0	0	0	2	7	0	6	7	3	0	
2113	0	0	0	2	7	0	6	7	3	0	
2114	0	0	0	2	7	0	6	7	3	0	
2115	0	0	0	2	7	0	6	7	3	0	
2116	0	0	0	2	7	0	6	7	3	0	
2117	0	0	0	2	7	0	6	7	3	0	
2118	0	0	0	2	7	0	6	7	3	0	
2119	3	0	0	0	7	0	6	7	3	0	
2120	3	0	0	0	7	0	6	7	3	0	
2121	3	0	0	0	7	0	6	7	3	0	
2122	3	0	0	0	7	0	6	7	3	0	
2123	3	0	0	0	7	0	6	7	3	0	
2124	3	0	0	0	7	0	6	7	3	0	
2125	3	0	0	0	7	0	6	7	3	0	
2126	3	0	0	0	7	0	6	7	3	0	
2127	3	0	0	0	7	0	6	7	3	0	
2128	3	0	0	0	7	0	6	7	3	0	
2129	3	0	0	0	7	0	6	7	3	0	
2130	3	0	0	0	7	0	6	7	3	0	
2131	6	0	0	0	7	3	0	7	3	0	
2132	6	0	0	0	7	3	0	7	3	0	
2133	6	0	0	0	7	3	0	7	3	0	
2134	6	0	0	0	7	3	0	7	3	0	
2135	6	0	0	0	7	3	0	7	3	0	
2136	6	0	0	0	7	3	0	7	3	0	
2137	6	0	0	0	7	3	0	7	3	0	
2138	6	0	0	0	7	3	0	7	3	0	
2139	6	0	0	0	7	3	0	7	3	0	
2140	6	0	0	0	7	3	0	7	3	0	
2141	6	0	0	0	7	3	0	7	3	0	
2142	6	0	0	0	7	3	0	7	3	0	
2143	6	0	0	0	7	3	0	7	3	0	
2144	6	0	0	0	7	3	0	7	3	0	
2145	6	0	0	0	7	3	0	7	3	0	
2146	3	0	0	6	7	0	0	7	3	0	
2147	3	0	0	6	7	0	0	7	3	0	
2148	3	0	0	6	7	0	0	7	3	0	
2149	3	0	0	6	7	0	0	7	3	0	
2150	3	0	0	6	7	0	0	7	3	0	
2151	3	0	0	6	7	0	0	7	3	0	
2152	0	0	0	6	7	0	0	7	3	3	
2153	0	0	0	6	7	0	0	7	3	3	
2154	0	0	0	6	7	0	0	7	3	3	
2155	0	0	0	6	7	0	0	7	3	3	
2156	0	0	0	6	7	0	0	7	3	3	
2157	0	0	0	6	7	0	0	7	3	3	
2158	0	0	0	6	7	0	0	7	3	3	
2159	0	0	0	6	7	0	0	7	3	3	
2160	0	0	0	6	7	0	0	7	3	3	
2161	0	0	0	6	7	0	0	7	3	3	
2162	0	0	0	6	7	0	0	7	3	3	
2163	0	0	0	6	7	0	0	7	3	3	
2164	0	0	0	6	7	0	0	7	3	3	
2165	0	0	0	6	7	0	0	7	3	3	
2166	0	0	0	6	7	0	0	7	3	3	
2167	0	0	0	6	7	0	0	7	3	3	
2168	0	0	0	6	7	0	0	7	3	3	
2169	0	0	0	6	7	0	0	7	3	3	
2170	0	0	0	6	7	0	0	7	3	3	
2171	0	0	0	6	7	0	0	7	3	3	
2172	0	0	0	6	7	0	0	7	3	3	
2173	0	0	0	6	7	0	0	7	3	3	
2174	0	0	0	6	7	0	0	7	3	3	
2175	0	0	0	6	7	0	0	7	3	3	
2176	0	0	0	6	7	0	0	7	3	3	
2177	0	0	0	6	7	0	0	7	3	3	
2178	0	0	0	6	7	0	0	7	3	3	
2179	0	0	0	6	7	0	0	7	3	3	
2180	0	0	0	6	7	0	0	7	3	3	
2181	0	0	0	6	7	0	0	7	3	3	
2182	0	0	0	6	7	0	0	7	3	3	
2183	0	0	0	6	7	0	0	7	3	3	
2184	0	0	0	6	7	0	0	7	3	3	
2185	0	0	0	6	7	0	0	7	3	3	
2186	0	0	0	6	7	0	0	7	3	3	
2187	0	0	0	6	7	0	0	7	3	3	
2188	0	0	0	6	7	0	0	7	3	3	
2189	0	0	0	6	7	0	0	7	3	3	
2190	0	0	0	6	7	0	0	7	3	3	
2191	0	0	0	6	7	0	0	7	3	3	
2192	0	0	0	6	7	0	0	7	3	3	
2193	0	0	0	6	7	0	0	7	3	3	
2194	0	0	0	6	7	0	0	7	3	3	
2195	0	0	0	6	7	0	0	7	3	3	
2196	0	0	0	6	7	0	0	7	3	3	
2197	0	0	0	6	7	0	0	7	3	3	
2198	0	0	0	6	7	0	0	7	3	3	
2199	0	0	0	6	7	0	0	7	3	3	
2200	0	0	0	6	7	0	0	7	3	3	
2201	0	0	0	6	7	0	0	7	3	3	
2202	0	0	0	6	7	0	0	7	3	3	
2203	0	0	0	6	7	0	0	7	3	3	
2204	0	0	0	6	7	0	0	7	3	3	
2205	0	0	0	6	7	0	0	7	3	3	
2206	0	0	0	6	7	0	0	7	3	3	
2207	0	0	0	6	7	0	0	7	3	3	
2208	0	0	0	6	7	0	0	7	3	3	
2209	0	0	0	6	7	0	0	7	3	3	
2210	0	0	0	6	7	0	0	7	3	3	
2211	0	0	0	6	7	0	0	7	3	3	
2212	0	0	0	6	7	0	0	7	3	3	
2213	0	0	0	6	7	0	0	7	3	3	
2214	0	0	0	6	7	0	0	7	3	3	
2215	0	0	0	6	7	0	0	7	3	3	
2216	0	0	0	6	7	0	0	7	3	3	
2217	0	0	0	6	7	0	0	7	3	3	
2218	0	0	0	6	7	0	0	7	3	3	
2219	0	0	0	6	7	0	0	7	3	3	
2220	0	0	0	6	7	0	0	7	3	3	
2221	0	0	0	6	7	0	0	7	3	3	
2222	0	0	0	6	7	0	0	7	3	3	
2223	0	0	0	6	7	0	0	7	3	3	
2224	0	0	0	6	7	0	0	7	3	3	
2225	0	0	0	6	7	0	0	7	3	3	
2226	0	0	0	6	7	0	0	7	3	3	
2227	0	0	0	6	7	0	0	7	3	3	
2228	0	0	0	6	7	0	0	7	3	3	
2229	0	0	0	6	7	0	0	7	3	3	
2230	0	0	0	6	7	0	0	7	3	3	
2231	0	0	0	6	7	0	0	7	3	3	
2232	0	0	0	6	7	0	0	7	3	3	
2233	0	0	0	6	7	0	0	7	3	3	
2234	0	0	0	6	7	0	0	7	3	3	
2235	0	0	0	6	7	0	0	7	3	3	
2236	7	0	0	0	7	0	0	7	3	3	
2237	7	0	0	0	7	0	0	7	3	3	
2238	7	0	0	0	7	0	0	7	3	3	
2239	7	0	0	0	7	0	0	7	3	3	
2240	7	0	0	0	7	0	0	7	3	3	
2241	7	0	0	0	7	0	0	7	3	3	
2242	7	0	0	0	7	0	0	7	3	3	
2243	7	0	0	0	7	0	0	7	3	3	
2244	7	0	0	0	7	0	0	7	3	3	
2245	7	0	0	0	7	0	0	7	3	3	
2246	7	0	0	0	7	0	0	7	3	3	
2247	7	0	0	0	7	0	0	7	3	3	
2248	0	0	0	0	7	7	0	7	3	3	
2249	0	0	0	0	7	7	0	7	3	3	
2250	0	0	0	0	7	7	0	7	3	3	
2251	0	0	0	0	7	7	0	7	3	3	
2252	0	0	0	0	7	7	0	7	3	3	
2253	0	0	0	0	7	7	0	7	3	3	
2254	0	0	0	0	7	7	0	7	3	3	
2255	0	0	0	0	7	7	0	7	3	3	
2256	0	0	0	0	7	7	0	7	3	3	
2257	0	0	0	0	7	7	0	7	3	3	
2258	0	0	0	0	7	7	0	7	3	3	
2259	0	0	0	0	7	7	0	7	3	3	
2260	0	0	0	0	7	7	0	7	3	3	
2261	0	0	0	0	7	7	0	7	3	3	
2262	0	0	0	0	7	7	0	7	3	3	
2263	0	0	0	0	7	7	0	7	3	3	
2264	0	0	0	0	7	7	0	7	3	3	
2265	0	0	0	0	7	7	0	7	3	3	
2266	0	0	0	0	7	7	0	7	3	3	
2267	0	0	0	0	7	7	0	7	3	3	
2268	0	0	0	0	7	7	0	7	3	3	
2269	0	0	0	0	7	7	0	7	3	3	
2270	0	0	0	0	7	7	0	7	3	3	
2271	0	0	0	0	7	7	0	7	3	3	
2272	0	0	0	0	7	7	0	7	3	3	
2273	0	0	0	0	7	7	0	7	3	3	
2274	0	0	0	0	7	7	0	7	3	3	
2275	0	0	0	0	7	7	0	7	3	3	
2276	0	0	0	0	7	7	0	7	3	3	
2277	0	0	0	0	7	7	0	7	3	3	
2278	0	0	0	0	7	7	0	7	3	3	
2279	0	0	0	0	7	7	0	7	3	3	
2280	0	0	0	0	7	7	0	7	3	3	
2281	0	0	0	0	7	7	0	7	3	3	
2282	0	0	0	0	7	7	0	7	3	3	
2283	0	0	0	0	7	7	0	7	3	3	
2284	0	0	0	0	7	7	0	7	3	3	
2285	0	0	0	0	7	7	0	7	3	3	
2286	0	0	0	0	7	7	0	7	3	3	
2287	0	0	0	0	7	7	0	7	3	3	
2288	0	0	0	0	7	7	0	7	3	3	
2289	0	0	0	0	7	7	0	7	3	3	
2290	0	0	0	0	7	7	0	7	3	3	
2291	0	0	0	0	7	7	0	7	3	3	
2292	0	0	0	0	7	7	0	7	3	3	
2293	0	0	0	0	7	7	0	7	3	3	
2294	0	0	0	0	7	7	0	7	3	3	
2295	0	0	0	0	7	7	0	7	3	3	
2296	0	0	0	0	7	7	0	7	3	3	
2297	0	0	0	0	7	7	0	7	3	3	
2298	0	0	0	0	7	7	0	7	3	3	
2299	0	0	0	0	7	7	0	7	3	3	
2300	0	0	0	0	7	7	0	7	3	3	
2301	0	0	0	0	7	7	0	7	3	3	
2302	0	0	0	0	7	7	0	7	3	3	
2303	0	0	0	0	7	7	0	7	3	3	
2304	0	0	0	0	7	7	0	7	3	3	
2305	0	0	0	0	7	7	0	7	3	3	
2306	0	0	0	0	7	7	0	7	3	3	
2307	0	0	0	0	7	7	0	7	3	3	
2308	0	0	0	0	7	7	0	7	3	3	
2309	0	0	0	0	7	7	0	7	3	3	
2310	0	0	0	0	7	7	0	7	3	3	
2311	0	0	0	0	7	7	0	7	3	3	
2312	0	0	0	0	7	7	0	7	3	3	
2313	0	0	0	0	7	7	0	7	3	3	
2314	0	0	0	0	7	7	0	7	3	3	
2315	0	0	0	0	7	7	0	7	3	3	
2316	0	0	0	0	7	7	0	7	3	3	
2317	0	0	0	0	7	7	0	7	3	3	
2318	0	0	0	0	7	7	0	7	3	3	
2319	0	0	0	0	7	7	0	7	3	3	
2320	0	0	0	0	7	7	0	7	3	3	
2321	0	0	0	0	7	7	0	7	3	3	
2322	0	0	0	0	7	7	0	7	3	3	
2323	0	0	0	0	7	7	0	7	3	3	
2324	0	0	0	0	7	7	0	7	3	3	
2325	0	0	0	0	7	7	0	7	3	3	
2326	0	0	0	0	7	7	0	7	3	3	
2327	0	0	0	0	7	7	0	7	3	3	
2328	0	0	0	0	7	7	0	7	3	3	
2329	0	0	0	0	7	7	0	7	3	3	
2330	0	0	0	0	7	7	0	7	3	3	
2331	0	0	0	0	7	7	0	7	3	3	
2332	0	0	0	0	7	7	0	7	3	3	
2333	0	0	0	0	7	7	0	7	3	3	
2334	0	0	0	0	7	7	0	7	3	3	
2335	0	0	0	0	7	7	0	7	3	3	
2336	0	0	0	0	7	7	0	7	3	3	
2337	0	0	0	0	7	7	0	7	3	3	
2338	0	0	0	0	7	7	0	7	3	3	
2339	0	0	0	0	7	7	0	7	3	3	
2340	0	0	0	0	7	7	0	7	3	3	
2341	0	0	0	0	7	7	0	7	3	3	
2342	0	0	0	0	7	7	0	7	3	3	
2343	0	0	0	0	7	7	0	7	3	3	
2344	0	0	0	0	7	7	0	7	3	3	
2345	0	0	0	0	7	7	0	7	3	3	
2346	0	0	0	0	7	7	0	7	3	3	
2347	0	0	0	0	7	7	0	7	3	3	
2348	0	0	0	0	7	7	0	7	3	3	
2349	0	0	0	0	7	7	0	7	3	3	
2350	0	0	0	0	7	7	0	7	3	3	
2351	0	0	0	0	7	7	0	7	3	3	
2352	0	0	0	0	7	7	0	7	3	3	
2353	0	0	0	0	7	7	0	7	3	3	
2354	0	0	0	0	7	7	0	7	3	3	
2355	0	0	0	0	7	7	0	7	3	3	
2356	0	0	0	0	7	7	0	7	3	3	
2357	0	0	0	0	7	7	0	7	3	3	
2358	0	0	0	0	7	7	0	7	3	3	
2359	0	0	0	0	7	7	0	7	3	3	
2360	0	0	0	0	7	7	0	7	3	3	
2361	0	0	0	0	7	7	0	7	3	3	
2362	0	0	0	0	7	7	0	7	3	3	
2363	0	0	0	0	7	7	0	7	3	3	
2364	0	0	0	0	7	7	0	7	3	3	
2365	0	0	0	0	7	7	0	7	3	3	
2366	0	0	0	0	7	7	0	7	3	3	
2367	0	0	0	0	7	7	0	7	3	3	
2368	0	0	0	0	7	7	0	7	3	3	
2369	0	0	0	0	7	7	0	7	3	3	
2370	0	0	0	0	7	7	0	7	3	3	
2371	0	0	0	0	7	7	0	7	3	3	
2372	0	0	0	0	7	7	0	7	3	3	
2373	0	0	0	0	7	7	0	7	3	3	
2374	0	0	0	0	7	7	0	7	3	3	
2375	0	0	0	0	7	7	0	7	3	3	
2376	0	0	0	0	7	7	0	7	3	3	
2377	0	0	0	0	7	7	0	7	3	3	
2378	0	0	0	0	7	7	0	7	3	3	
2379	0	0	0	0	7	7	0	7	3	3	
2380	0	0	0	0	7	7	0	7	3	3	
2381	0	0	0	0	7	7	0	7	3	3	
2382	0	0	0	0	7	7	0	7	3	3	
2383	0	0	0	0	7	7	0	7	3	3	
2384	0	0	0	0	7	7	0	7	3	3	
2385	0	0	0	0	7	7	0	7	3	3	
2386	0	0	0	0	7	7	0	7	3	3	
2387	0	0	0	0	7	7	0	7	3	3	
2388	0	0	0	0	7	7	0	7	3	3	
2389	0	0	0	0	7	7	0	7	3	3	
2390	0	0	0	0	7	7	0	7	3	3	
2391	0	0	0	0	7	7	0	7	3	3	
2392	0	0	0	0	7	7	0	7	3	3	
2393	0	0	0	0	7	7	0	7	3	3	
2394	0	0	0	0	7	7	0	7	3	3	
2395	0	0	0	0	7	7	0	7	3	3	
2396	0	0	0	0	7	7	0	7	3	3	
2397	0	0	0	0	7	7	0	7	3	3	
2398	0	0	0	0	7	7	0	7	3	3	
2399	0	0	0	0	7	7	0	7	3	3	
2400	0	0	0	0	7	7	0	7	3	3	
2401	0	0	0	0	7	7	0	7	3	3	
2402	0	0	0	0	7	7	0	7	3	3	
2403	0	0	0	0	7	7	0	7	3	3	
2404	0	0	0	0	7	7	0	7	3	3	
2405	0	0	0	0	7	7	0	7	3	3	
2406	0	0	0	0	7	7	0	7	3	3	
2407	8	0	0	0	3	7	0	0	3	3	
2408	8	0	0	0	3	7	0	0	3	3	
2409	8	0	0	0	3	7	0	0	3	3	
2410	8	0	0	0	3	7	0	0	3	3	
2411	8	0	0	0	3	7	0	0	3	3	
2412	8	0	0	0	3	7	0	0	3	3	
2413	8	0	0	0	3	7	0	0	3	3	
2414	8	0	0	0	3	7	0	0	3	3	
2415	8	0	0	0	3	7	0	0	3	3	
2416	8	0	0	0	3	7	0	0	3	3	
2417	8	0	0	0	3	7	0	0	3	3	
2418	8	0	0	0	3	7	0	0	3	3	
2419	8	0	0	0	3	7	0	0	3	3	
2420	8	0	0	0	3	7	0	0	3	3	
2421	8	0	0	0	3	7	0	0	3	3	
2422	8	0	0	0	3	7	0	0	3	3	
2423	8	0	0	0	3	7	0	0	3	3	
2424	8	0	0	0	3	7	0	0	3	3	
2425	8	0	0	0	3	7	0	0	3	3	
2426	8	0	0	0	3	7	0	0	3	3	
2427	8	0	0	0	3	7	0	0	3	3	
2428	8	0	0	0	3	7	0	0	3	3	
2429	8	0	0	0	3	7	0	0	3	3	
2430	8	0	0	0	3	7	0	0	3	3	
2431	8	0	0	0	3	7	0	0	3	3	
2432	8	0	0	0	3	7	0	0	3	3	
2433	8	0	0	0	3	7	0	0	3	3	
2434	8	0	0	0	3	7	0	0	3	3	
2435	8	0	0	0	3	7	0	0	3	3	
2436	8	0	0	0	3	7	0	0	3	3	
2437	1	0	0	0	3	7	0	0	3	3	
2438	1	0	0	0	3	7	0	0	3	3	
2439	1	0	0	0	3	7	0	0	3	3	
2440	1	0	0	0	3	7	0	0	3	3	
2441	1	0	0	0	3	7	0	0	3	3	
2442	1	0	0	0	3	7	0	0	3	3	
2443	1	0	0	0	3	7	0	0	3	3	
2444	1	0	0	0	3	7	0	0	3	3	
2445	1	0	0	0	3	7	0	0	3	3	
2446	1	0	0	0	3	7	0	0	3	3	
2447	1	0	0	0	3	7	0	0	3	3	
2448	1	0	0	0	3	7	0	0	3	3	
2449	1	0	0	0	3	7	0	0	3	3	
2450	1	0	0	0	3	7	0	0	3	3	
2451	1	0	0	0	3	7	0	0	3	3	
2452	1	0	0	0	3	7	0	0	3	3	
2453	1	0	0	0	3	7	0	0	3	3	
2454	1	0	0	0	3	7	0	0	3	3	
2455	1	0	0	0	3	7	0	0	3	3	
2456	1	0	0	0	3	7	0	0	3	3	
2457	1	0	0	0	3	7	0	0	3	3	
2458	1	0	0	0	3	7	0	0	3	3	
2459	1	0	0	0	3	7	0	0	3	3	
2460	1	0	0	0	3	7	0	0	3	3	
2461	1	0	0	0	3	7	0	0	3	3	
2462	1	0	0	0	3	7	0	0	3	3	
2463	1	0	0	0	3	7	0	0	3	3	
2464	1	0	0	0	3	7	0	0	3	3	
2465	1	0	0	0	3	7	0	0	3	3	
2466	1	0	0	0	3	7	0	0	3	3	
2467	1	0	0	0	3	7	0	0	3	3	
2468	1	0	0	0	3	7	0	0	3	3	
2469	1	0	0	0	3	7	0	0	3	3	
2470	1	0	0	0	3	7	0	0	3	3	
2471	1	0	0	0	3	7	0	0	3	3	
2472	1	0	0	0	3	7	0	0	3	3	
2473	1	0	0	0	3	7	0	0	3	3	
2474	1	0	0	0	3	7	0	0	3	3	
2475	1	0	0	0	3	7	0	0	3	3	
2476	1	0	0	0	3	7	0	0	3	3	
2477	1	0	0	0	3	7	0	0	3	3	
2478	1	0	0	0	3	7	0	0	3	3	
2479	1	0	0	0	3	7	0	0	3	3	
2480	1	0	0	0	3	7	0	0	3	3	
2481	1	0	0	0	3	7	0	0	3	3	
2482	1	0	0	0	3	7	0	0	3	3	
2483	1	0	0	0	3	7	0	0	3	3	
2484	1	0	0	0	3	7	0	0	3	3	
2485	1	0	0	0	3	7	0	0	3	3	
2486	1	0	0	0	3	7	0	0	3	3	
2487	7	1	0	0	3	0	0	0	3	3	
2488	7	1	0	0	3	0	0	0	3	3	
2489	7	1	0	0	3	0	0	0	3	3	
2490	7	1	0	0	3	0	0	0	3	3	
2491	7	1	0	0	3	0	0	0	3	3	
2492	7	1	0	0	3	0	0	0	3	3	
2493	0	1	0	0	3	0	0	7	3	3	
2494	0	1	0	0	3	0	0	7	3	3	
2495	0	1	0	0	3	0	0	7	3	3	
2496	0	1	0	0	3	0	0	7	3	3	
2497	0	1	0	0	3	0	0	7	3	3	
2498	0	1	0	0	3	0	0	7	3	3	
2499	0	1	0	0	3	0	0	7	3	3	
2500	0	1	0	0	3	0	0	7	3	3	
2501	0	1	0	0	3	0	0	7	3	3	
2502	0	1	0	0	3	0	0	7	3	3	
2503	0	1	0	0	3	0	0	7	3	3	
2504	0	1	0	0	3	0	0	7	3	3	
2505	0	1	0	0	3	0	0	7	3	3	
2506	0	1	0	0	3	0	0	7	3	3	
2507	0	1	0	0	3	0	0	7	3	3	
2508	0	1	0	0	3	0	0	7	3	3	
2509	0	1	0	0	3	0	0	7	3	3	
2510	0	1	0	0	3	0	0	7	3	3	
2511	0	1	0	0	3	0	0	7	3	3	
2512	0	1	0	0	3	0	0	7	3	3	
2513	0	1	0	0	3	0	0	7	3	3	
2514	0	1	0	0	3	0	0	7	3	3	
2515	0	1	0	0	3	0	0	7	3	3	
2516	0	1	0	0	3	0	0	7	3	3	
2517	0	1	0	0	3	0	0	7	3	3	
2518	0	1	0	0	3	0	0	7	3	3	
2519	0	1	0	0	3	0	0	7	3	3	
2520	0	1	0	0	3	0	0	7	3	3	
2521	0	1	0	0	3	0	0	7	3	3	
2522	0	1	0	0	3	0	0	7	3	3	
2523	0	1	0	0	3	0	0	7	3	3	
2524	0	1	0	0	3	0	0	7	3	3	
2525	0	1	0	0	3	0	0	7	3	3	
2526	0	1	0	0	3	0	0	7	3	3	
2527	0	1	0	0	3	0	0	7	3	3	
2528	0	1	0	0	3	0	0	7	3	3	
2529	0	1	0	0	3	0	0	7	3	3	
2530	0	1	0	0	3	0	0	7	3	3	
2531	0	1	0	0	3	0	0	7	3	3	
2532	0	1	0	0	3	0	0	7	3	3	
2533	0	1	0	0	3	0	0	7	3	3	
2534	0	1	0	0	3	0	0	7	3	3	
2535	0	1	0	0	3	0	0	7	3	3	
2536	0	1	0	0	3	0	0	7	3	3	
2537	0	1	0	0	3	0	0	7	3	3	
2538	0	1	0	0	3	0	0	7	3	3	
2539	0	1	0	0	3	0	0	7	3	3	
2540	0	1	0	0	3	0	0	7	3	3	
2541	0	1	0	0	3	0	0	7	3	3	
2542	0	1	0	0	3	0	0	7	3	3	
2543	0	1	0	0	3	0	0	7	3	3	
2544	0	1	0	0	3	0	0	7	3	3	
2545	0	1	0	0	3	0	0	7	3	3	
2546	0	1	0	0	3	0	0	7	3	3	
2547	0	1	0	0	3	0	0	7	3	3	
2548	0	1	0	0	3	0	0	7	3	3	
2549	0	1	0	0	3	0	0	7	3	3	
2550	0	1	0	0	3	0	0	7	3	3	
2551	0	1	0	0	3	0	0	7	3	3	
2552	0	1	0	0	3	0	0	7	3	3	
2553	0	1	0	0	3	0	0	7	3	3	
2554	0	1	0	0	3	0	0	7	3	3	
2555	0	1	0	0	3	0	0	7	3	3	
2556	0	1	0	0	3	0	0	7	3	3	
2557	0	1	0	0	3	0	0	7	3	3	
2558	0	1	0	0	3	0	0	7	3	3	
2559	0	1	0	0	3	0	0	7	3	3	
2560	0	1	0	0	3	0	0	7	3	3	
2561	0	1	0	0	3	0	0	7	3	3	
2562	0	1	0	0	3	0	0	7	3	3	
2563	0	1	0	0	3	0	0	7	3	3	
2564	0	1	0	0	3	0	0	7	3	3	
2565	0	1	0	0	3	0	0	7	3	3	
2566	0	1	0	0	3	0	0	7	3	3	
2567	0	1	0	0	3	0	0	7	3	3	
2568	0	1	0	0	3	0	0	7	3	3	
2569	0	1	0	0	3	0	0	7	3	3	
2570	0	1	0	0	3	0	0	7	3	3	
2571	0	1	0	0	3	0	0	7	3	3	
2572	0	1	0	0	3	0	0	7	3	3	
2573	0	1	0	0	3	0	0	7	3	3	
2574	0	1	0	0	3	0	0	7	3	3	
2575	0	1	0	0	3	0	0	7	3	3	
2576	0	1	0	0	3	0	0	7	3	3	
2577	0	1	0	0	3	0	0	7	3	3	
2578	0	1	0	0	3	0	0	7	3	3	
2579	0	1	0	0	3	0	0	7	3	3	
2580	0	1	0	0	3	0	0	7	3	3	
2581	0	1	0	0	3	0	0	7	3	3	
2582	0	1	0	0	3	0	0	7	3	3	
2583	0	1	0	0	3	0	0	7	3	3	
2584	0	1	0	0	3	0	0	7	3	3	
2585	0	1	0	0	3	0	0	7	3	3	
2586	0	1	0	0	3	0	0	7	3	3	
2587	0	1	0	0	3	0	0	7	3	3	
2588	0	1	0	0	3	0	0	7	3	3	
2589	0	1	0	0	3	0	0	7	3	3	
2590	0	1	0	0	3	0	0	7	3	3	
2591	0	1	0	0	3	0	0	7	3	3	
2592	0	1	0	0	3	0	0	7	3	3	
2593	0	1	0	0	3	0	0	7	3	3	
2594	0	1	0	0	3	0	0	7	3	3	
2595	0	1	0	0	3	0	0	7	3	3	
2596	0	1	0	0	3	0	0	7	3	3	
2597	0	1	0	0	3	0	0	7	3	3	
2598	0	1	0	0	3	0	0	7	3	3	
2599	0	1	0	0	3	0	0	7	3	3	
2600	0	1	0	0	3	0	0	7	3	3	
2601	0	1	0	0	3	0	0	7	3	3	
2602	0	1	0	0	3	0	0	7	3	3	
2603	0	1	0	0	3	0	0	7	3	3	
2604	0	1	0	0	3	0	0	7	3	3	
2605	0	1	0	0	3	0	0	7	3	3	
2606	0	1	0	0	3	0	0	7	3	3	
2607	0	1	0	0	3	0	0	7	3	3	
2608	0	1	0	0	3	0	0	7	3	3	
2609	0	1	0	0	3	0	0	7	3	3	
2610	0	1	0	0	3	0	0	7	3	3	
2611	0	1	0	0	3	0	0	7	3	3	
2612	0	1	0	0	3	0	0	7	3	3	
2613	0	1	0	0	3	0	0	7	3	3	
2614	0	1	0	0	3	0	0	7	3	3	
2615	0	1	0	0	3	0	0	7	3	3	
2616	0	1	0	0	3	0	0	7	3	3	
2617	0	1	0	0	3	0	0	7	3	3	
2618	0	1	0	0	3	0	0	7	3	3	
2619	0	1	0	0	3	0	0	7	3	3	
2620	0	1	0	0	3	0	0	7	3	3	
2621	0	1	0	0	3	0	0	7	3	3	
2622	0	1	0	0	3	0	0	7	3	3	
2623	0	1	0	0	3	0	0	7	3	3	
2624	0	1	0	0	3	0	0	7	3	3	
2625	0	1	0	0	3	0	0	7	3	3	
2626	0	1	0	0	3	0	0	7	3	3	
2627	0	1	0	0	3	0	0	7	3	3	
2628	0	1	0	0	3	0	0	7	3	3	
2629	0	1	0	0	3	0	0	7	3	3	
2630	0	1	0	0	3	0	0	7	3	3	
2631	0	1	0	0	3	0	0	7	3	3	
2632	0	1	0	0	3	0	0	7	3	3	
2633	0	1	0	0	3	0	0	7	3	3	
2634	0	1	0	0	3	0	0	7	3	3	
2635	0	1	0	0	3	0	0	7	3	3	
2636	0	1	0	0	3	0	0	7	3	3	
2637	0	1	0	0	3	0	0	7	3	3	
2638	0	1	0	0	3	0	0	7	3	3	
2639	0	1	0	0	3	0	0	7	3	3	
2640	0	1	0	0	3	0	0	7	3	3	
2641	0	1	0	0	3	0	0	7	3	3	
2642	0	1	0	0	3	0	0	7	3	3	
2643	0	1	0	0	3	0	0	7	3	3	
2644	0	1	0	0	3	0	0	7	3	3	
2645	0	1	0	0	3	0	0	7	3	3	
2646	0	1	0	0	3	0	0	7	3	3	
2647	0	1	0	0	3	0	0	7	3	3	
2648	0	1	0	0	3	0	0	7	3	3	
2649	0	1	0	0	3	0	0	7	3	3	
2650	0	1	0	0	3	0	0	7	3	3	
2651	0	1	0	0	3	0	0	7	3	3	
2652	0	1	0	0	3	0	0	7	3	3	
2653	0	1	0	0	3	0	0	7	3	3	
2654	0	1	0	0	3	0	0	7	3	3	
2655	0	1	0	0	3	0	0	7	3	3	
2656	0	1	0	0	3	0	0	7	3	3	
2657	0	1	0	0	3	0	0	7	3	3	
2658	0	1	0	0	3	0	0	7	3	3	
2659	0	1	0	0	3	0	0	7	3	3	
2660	0	1	0	0	3	0	0	7	3	3	
2661	0	1	0	0	3	0	0	7	3	3	
2662	0	1	0	0	3	0	0	7	3	3	
2663	0	1	0	0	3	0	0	7	3	3	
2664	0	1	0	0	3	0	0	7	3	3	
2665	0	1	0	0	3	0	0	7	3	3	
2666	0	1	0	0	3	0	0	7	3	3	
2667	0	1	0	0	3	0	0	7	3	3	
2668	0	1	0	0	3	0	0	7	3	3	
2669	0	1	0	0	3	0	0	7	3	3	
2670	0	1	0	0	3	0	0	7	3	3	
2671	0	1	0	0	3	0	0	7	3	3	
2672	0	1	0	0	3	0	0	7	3	3	
2673	0	1	0	0	3	0	0	7	3	3	
2674	0	1	0	0	3	0	0	7	3	3	
2675	0	1	0	0	3	0	0	7	3	3	
2676	0	1	0	0	3	0	0	7	3	3	
2677	0	1	0	0	3	0	0	7	3	3	
2678	0	1	0	0	3	0	0	7	3	3	
2679	0	1	0	0	3	0	0	7	3	3	
2680	0	1	0	0	3	0	0	7	3	3	
2681	0	1	0	0	3	0	0	7	3	3	
2682	0	1	0	0	3	0	0	7	3	3	
2683	0	1	0	0	3	0	0	7	3	3	
2684	0	1	0	0	3	0	0	7	3	3	
2685	0	1	0	0	3	0	0	7	3	3	
2686	0	1	0	0	3	0	0	7	3	3	
2687	0	1	0	0	3	0	0	7	3	3	
2688	0	1	0	0	3	0	0	7	3	3	
2689	0	1	0	0	3	0	0	7	3	3	
2690	0	1	0	0	3	0	0	7	3	3	
2691	0	1	0	0	3	0	0	7	3	3	
2692	0	1	0	0	3	0	0	7	3	3	
2693	0	1	0	0	3	0	0	7	3	3	
2694	0	1	0	0	3	0	0	7	3	3	
2695	0	1	0	0	3	0	0	7	3	3	
2696	0	1	0	0	3	0	0	7	3	3	
2697	0	1	0	0	3	0	0	7	3	3	
2698	0	1	0	0	3	0	0	7	3	3	
2699	0	1	0	0	3	0	0	7	3	3	
2700	0	1	0	0	3	0	0	7	3	3	
2701	0	1	0	0	3	0	0	7	3	3	
2702	0	1	0	0	3	0	0	7	3	3	
2703	0	1	0	0	3	0	0	7	3	3	
2704	2	0	0	0	3	0	0	7	3	3	
2705	2	0	0	0	3	0	0	7	3	3	
2706	2	0	0	0	3	0	0	7	3	3	
2707	2	0	0	0	3	0	0	7	3	3	
2708	2	0	0	0	3	0	0	7	3	3	
2709	2	0	0	0	3	0	0	7	3	3	
2710	2	0	0	0	3	0	0	7	3	3	
2711	2	0	0	0	3	0	0	7	3	3	
2712	2	0	0	0	3	0	0	7	3	3	
2713	2	0	0	0	3	0	0	7	3	3	
2714	2	0	0	0	3	0	0	7	3	3	
2715	2	0	0	0	3	0	0	7	3	3	
2716	2	0	0	0	3	0	0	7	3	3	
2717	2	0	0	0	3	0	0	7	3	3	
2718	2	0	0	0	3	0	0	7	3	3	
2719	2	0	0	0	3	0	0	7	3	3	
2720	2	0	0	0	3	0	0	7	3	3	
2721	2	0	0	0	3	0	0	7	3	3	
2722	2	0	0	0	3	0	0	7	3	3	
2723	2	0	0	0	3	0	0	7	3	3	
2724	2	0	0	0	3	0	0	7	3	3	
2725	2	0	0	0	3	0	0	7	3	3	
2726	2	0	0	0	3	0	0	7	3	3	
2727	2	0	0	0	3	0	0	7	3	3	
2728	2	0	0	0	3	0	0	7	3	3	
2729	2	0	0	0	3	0	0	7	3	3	
2730	2	0	0	0	3	0	0	7	3	3	
2731	2	0	0	0	3	0	0	7	3	3	
2732	2	0	0	0	3	0	0	7	3	3	
2733	2	0	0	0	3	0	0	7	3	3	
2734	0	0	0	2	3	0	0	7	3	3	
2735	0	0	0	2	3	0	0	7	3	3	
2736	0	0	0	2	3	0	0	7	3	3	
2737	0	0	0	2	3	0	0	7	3	3	
2738	0	0	0	2	3	0	0	7	3	3	
2739	0	0	0	2	3	0	0	7	3	3	
2740	0	0	0	2	3	0	0	7	3	3	
2741	0	0	0	2	3	0	0	7	3	3	
2742	0	0	0	2	3	0	0	7	3	3	
2743	0	0	0	2	3	0	0	7	3	3	
2744	0	0	0	2	3	0	0	7	3	3	
2745	0	0	0	2	3	0	0	7	3	3	
2746	0	0	0	2	3	0	0	7	3	3	
2747	0	0	0	2	3	0	0	7	3	3	
2748	0	0	0	2	3	0	0	7	3	3	
2749	0	0	0	2	3	0	0	7	3	3	
2750	0	0	0	2	3	0	0	7	3	3	
2751	0	0	0	2	3	0	0	7	3	3	
2752	0	0	0	2	3	0	0	7	3	3	
2753	0	0	0	2	3	0	0	7	3	3	
2754	0	0	0	2	3	0	0	7	3	3	
2755	0	0	0	2	3	0	0	7	3	3	
2756	0	0	0	2	3	0	0	7	3	3	
2757	0	0	0	2	3	0	0	7	3	3	
2758	0	0	0	2	3	0	0	7	3	3	
2759	0	0	0	2	3	0	0	7	3	3	
2760	0	0	0	2	3	0	0	7	3	3	
2761	0	0	0	2	3	0	0	7	3	3	
2762	0	0	0	2	3	0	0	7	3	3	
2763	0	0	0	2	3	0	0	7	3	3	
2764	0	0	0	2	3	0	0	7	3	3	
2765	0	0	0	2	3	0	0	7	3	3	
2766	0	0	0	2	3	0	0	7	3	3	
2767	0	0	0	2	3	0	0	7	3	3	
2768	0	0	0	2	3	0	0	7	3	3	
2769	0	0	0	2	3	0	0	7	3	3	
2770	0	0	0	2	3	0	0	7	3	3	
2771	0	0	0	2	3	0	0	7	3	3	
2772	0	0	0	2	3	0	0	7	3	3	
2773	0	0	0	2	3	0	0	7	3	3	
2774	0	0	0	2	3	0	0	7	3	3	
2775	0	0	0	2	3	0	0	7	3	3	
2776	0	0	0	2	3	0	0	7	3	3	
2777	0	0	0	2	3	0	0	7	3	3	
2778	0	0	0	2	3	0	0	7	3	3	
2779	0	0	0	2	3	0	0	7	3	3	
2780	0	0	0	2	3	0	0	7	3	3	
2781	0	0	0	2	3	0	0	7	3	3	
2782	0	0	0	2	3	0	0	7	3	3	
2783	0	0	0	2	3	0	0	7	3	3	
2784	0	0	0	2	3	0	0	7	3	3	
2785	0	0	0	2	3	0	0	7	3	3	
2786	0	0	0	2	3	0	0	7	3	3	
2787	0	0	0	2	3	0	0	7	3	3	
2788	0	0	0	2	3	0	0	7	3	3	
2789	0	0	0	2	3	0	0	7	3	3	
2790	0	0	0	2	3	0	0	7	3	3	
2791	0	0	0	2	3	0	0	7	3	3	
2792	0	0	0	2	3	0	0	7	3	3	
2793	0	0	0	2	3	0	0	7	3	3	
2794	0	0	0	2	3	0	0	7	3	3	
2795	0	0	0	2	3	0	0	7	3	3	
2796	0	0	0	2	3	0	0	7	3	3	
2797	0	0	0	2	3	0	0	7	3	3	
2798	0	0	0	2	3	0	0	7	3	3	
2799	0	0	0	2	3	0	0	7	3	3	
2800	4	0	0	2	3	0	0	7	0	3	
2801	4	0	0	2	3	0	0	7	0	3	
2802	4	0	0	2	3	0	0	7	0	3	
2803	4	0	0	2	3	0	0	7	0	3	
2804	4	0	0	2	3	0	0	7	0	3	
2805	4	0	0	2	3	0	0	7	0	3	
2806	4	0	0	2	3	0	0	7	0	3	
2807	4	0	0	2	3	0	0	7	0	3	
2808	4	0	0	2	3	0	0	7	0	3	
2809	4	0	0	2	3	0	0	7	0	3	
2810	4	0	0	2	3	0	0	7	0	3	
2811	4	0	0	2	3	0	0	7	0	3	
2812	0	0	0	2	3	0	4	7	0	3	
2813	0	0	0	2	3	0	4	7	0	3	
2814	0	0	0	2	3	0	4	7	0	3	
2815	0	0	0	2	3	0	4	7	0	3	
2816	0	0	0	2	3	0	4	7	0	3	
2817	0	0	0	2	3	0	4	7	0	3	
2818	0	0	0	2	3	0	4	7	0	3	
2819	0	0	0	2	3	0	4	7	0	3	
2820	0	0	0	2	3	0	4	7	0	3	
2821	0	0	0	2	3	0	4	7	0	3	
2822	0	0	0	2	3	0	4	7	0	3	
2823	0	0	0	2	3	0	4	7	0	3	
2824	3	0	0	0	3	0	4	7	0	3	
2825	3	0	0	0	3	0	4	7	0	3	
2826	3	0	0	0	3	0	4	7	0	3	
2827	3	0	0	0	3	0	4	7	0	3	
2828	3	0	0	0	3	0	4	7	0	3	
2829	3	0	0	0	3	0	4	7	0	3	
2830	3	0	0	0	3	0	4	7	0	3	
2831	3	0	0	0	3	0	4	7	0	3	
2832	3	0	0	0	3	0	4	7	0	3	
2833	3	0	0	0	3	0	4	7	0	3	
2834	3	0	0	0	3	0	4	7	0	3	
2835	3	0	0	0	3	0	4	7	0	3	
2836	0	0	0	0	3	3	4	7	0	3	
2837	0	0	0	0	3	3	4	7	0	3	
2838	0	0	0	0	3	3	4	7	0	3	
2839	0	0	0	0	3	3	4	7	0	3	
2840	0	0	0	0	3	3	4	7	0	3	
2841	0	0	0	0	3	3	4	7	0	3	
2842	3	0	0	0	3	0	4	7	0	3	
2843	3	0	0	0	3	0	6	7	0	3	
2844	3	0	0	0	3	0	6	7	0	3	
2845	3	0	0	0	3	0	6	7	0	3	
2846	3	0	0	0	3	0	6	7	0	3	
2847	3	0	0	0	3	0	6	7	0	3	
2848	6	0	0	0	3	0	0	7	3	3	
2849	6	0	0	0	3	0	0	7	3	3	
2850	6	0	0	0	3	0	0	7	3	3	
2851	6	0	0	0	3	0	0	7	3	3	
2852	6	0	0	0	3	0	0	7	3	3	
2853	6	0	0	0	3	0	0	7	3	3	
2854	6	0	0	0	3	0	0	7	3	3	
2855	6	0	0	0	3	0	0	7	3	3	
2856	6	0	0	0	3	0	0	7	3	3	
2857	6	0	0	0	3	0	0	7	3	3	
2858	6	0	0	0	3	0	0	7	3	3	
2859	6	0	0	0	3	0	0	7	3	3	
2860	6	0	0	0	3	0	0	7	3	3	
2861	6	0	0	0	3	0	0	7	3	3	
2862	6	0	0	0	3	0	0	7	3	3	
2863	0	0	0	6	3	0	0	7	3	3	
2864	0	0	0	6	3	0	0	7	3	3	
2865	0	0	0	6	3	0	0	7	3	3	
2866	0	0	0	6	3	0	0	7	3	3	
2867	0	0	0	6	3	0	0	7	3	3	
2868	0	0	0	6	3	0	0	7	3	3	
2869	0	0	0	6	3	0	0	7	3	3	
2870	0	0	0	6	3	0	0	7	3	3	
2871	0	0	0	6	3	0	0	7	3	3	
2872	0	0	0	6	3	0	0	7	3	3	
2873	0	0	0	6	3	0	0	7	3	3	
2874	0	0	0	6	3	0	0	7	3	3	
2875	0	0	0	6	3	0	0	7	3	3	
2876	0	0	0	6	3	0	0	7	3	3	
2877	0	0	0	6	3	0	0	7	3	3	
2878	0	0	0	6	3	0	0	7	3	3	
2879	0	0	0	6	3	0	0	7	3	3	
2880	0	0	0	6	3	0	0	7	3	3	
2881	0	0	0	6	3	0	0	7	3	3	
2882	0	0	0	6	3	0	0	7	3	3	
2883	0	0	0	6	3	0	0	7	3	3	
2884	0	0	0	6	3	0	0	7	3	3	
2885	0	0	0	6	3	0	0	7	3	3	
2886	0	0	0	6	3	0	0	7	3	3	
2887	0	0	0	6	3	0	0	7	3	3	
2888	0	0	0	6	3	0	0	7	3	3	
2889	0	0	0	6	3	0	0	7	3	3	
2890	0	0	0	6	3	0	0	7	3	3	
2891	0	0	0	6	3	0	0	7	3	3	
2892	0	0	0	6	3	0	0	7	3	3	
2893	0	0	0	6	3	0	0	7	3	3	
2894	0	0	0	6	3	0	0	7	3	3	
2895	0	0	0	6	3	0	0	7	3	3	
2896	0	0	0	6	3	0	0	7	3	3	
2897	0	0	0	6	3	0	0	7	3	3	
2898	0	0	0	6	3	0	0	7	3	3	
2899	0	0	0	6	3	0	0	7	3	3	
2900	0	0	0	6	3	0	0	7	3	3	
2901	0	0	0	6	3	0	0	7	3	3	
2902	0	0	0	6	3	0	0	7	3	3	
2903	0	0	0	6	3	0	0	7	3	3	
2904	0	0	0	6	3	0	0	7	3	3	
2905	0	0	0	6	3	0	0	7	3	3	
2906	0	0	0	6	3	0	0	7	3	3	
2907	0	0	0	6	3	0	0	7	3	3	
2908	0	0	0	6	3	0	0	7	3	3	
2909	0	0	0	6	3	0	0	7	3	3	
2910	0	0	0	6	3	0	0	7	3	3	
2911	0	0	0	6	3	0	0	7	3	3	
2912	0	0	0	6	3	0	0	7	3	3	
2913	0	0	0	6	3	0	0	7	3	3	
2914	0	0	0	6	3	0	0	7	3	3	
2915	0	0	0	6	3	0	0	7	3	3	
2916	0	0	0	6	3	0	0	7	3	3	
2917	0	0	0	6	3	0	0	7	3	3	
2918	0	0	0	6	3	0	0	7	3	3	
2919	0	0	0	6	3	0	0	7	3	3	
2920	0	0	0	6	3	0	0	7	3	3	
2921	0	0	0	6	3	0	0	7	3	3	
2922	0	0	0	6	3	0	0	7	3	3	
2923	0	0	0	6	3	0	0	7	3	3	
2924	0	0	0	6	3	0	0	7	3	3	
2925	0	0	0	6	3	0	0	7	3	3	
2926	0	0	0	6	3	0	0	7	3	3	
2927	0	0	0	6	3	0	0	7	3	3	
2928	0	0	0	6	3	0	0	7	3	3	
2929	0	0	0	6	3	0	0	7	3	3	
2930	0	0	0	6	3	0	0	7	3	3	
2931	0	0	0	6	3	0	0	7	3	3	
2932	0	0	0	6	3	0	0	7	3	3	
2933	0	0	0	6	3	0	0	7	3	3	
2934	0	0	0	6	3	0	0	7	3	3	
2935	0	0	0	6	3	0	0	7	3	3	
2936	0	0	0	6	3	0	0	7	3	3	
2937	0	0	0	6	3	0	0	7	3	3	
2938	0	0	0	6	3	0	0	7	3	3	
2939	0	0	0	6	3	0	0	7	3	3	
2940	0	0	0	6	3	0	0	7	3	3	
2941	0	0	0	6	3	0	0	7	3	3	
2942	0	0	0	6	3	0	0	7	3	3	
2943	0	0	0	6	3	0	0	7	3	3	
2944	0	0	0	6	3	0	0	7	3	3	
2945	0	0	0	6	3	0	0	7	3	3	
2946	0	0	0	6	3	0	0	7	3	3	
2947	0	0	0	6	3	0	0	7	3	3	
2948	0	0	0	6	3	0	0	7	3	3	
2949	0	0	0	6	3	0	0	7	3	3	
2950	0	0	0	6	3	0	0	7	3	3	
2951	0	0	0	6	3	0	0	7	3	3	
2952	0	0	0	6	3	0	0	7	3	3	
2953	7	0	0	0	3	0	0	7	3	3	
2954	7	0	0	0	3	0	0	7	3	3	
2955	7	0	0	0	3	0	0	7	3	3	
2956	7	0	0	0	3	0	0	7	3	3	
2957	7	0	0	0	3	0	0	7	3	3	
2958	7	0	0	0	3	0	0	7	3	3	
2959	7	0	0	0	3	0	0	7	3	3	
2960	7	0	0	0	3	0	0	7	3	3	
2961	7	0	0	0	3	0	0	7	3	3	
2962	7	0	0	0	3	0	0	7	3	3	
2963	7	0	0	0	3	0	0	7	3	3	
2964	7	0	0	0	3	0	0	7	3	3	
2965	0	0	0	0	3	7	0	7	3	3	
2966	0	0	0	0	3	7	0	7	3	3	
2967	0	0	0	0	3	7	0	7	3	3	
2968	0	0	0	0	3	7	0	7	3	3	
2969	0	0	0	0	3	7	0	7	3	3	
2970	0	0	0	0	3	7	0	7	3	3	
2971	0	0	0	0	3	7	0	7	3	3	
2972	0	0	0	0	3	7	0	7	3	3	
2973	0	0	0	0	3	7	0	7	3	3	
2974	0	0	0	0	3	7	0	7	3	3	
2975	0	0	0	0	3	7	0	7	3	3	
2976	0	0	0	0	3	7	0	7	3	3	
2977	0	0	0	0	3	7	0	7	3	3	
2978	0	0	0	0	3	7	0	7	3	3	
2979	0	0	0	0	3	7	0	7	3	3	
2980	0	0	0	0	3	7	0	7	3	3	
2981	0	0	0	0	3	7	0	7	3	3	
2982	0	0	0	0	3	7	0	7	3	3	
2983	0	0	0	0	3	7	0	7	3	3	
2984	0	0	0	0	3	7	0	7	3	3	
2985	0	0	0	0	3	7	0	7	3	3	
2986	0	0	0	0	3	7	0	7	3	3	
2987	0	0	0	0	3	7	0	7	3	3	
2988	0	0	0	0	3	7	0	7	3	3	
2989	0	0	0	0	3	7	0	7	3	3	
2990	0	0	0	0	3	7	0	7	3	3	
2991	0	0	0	0	3	7	0	7	3	3	
2992	0	0	0	0	3	7	0	7	3	3	
2993	0	0	0	0	3	7	0	7	3	3	
2994	0	0	0	0	3	7	0	7	3	3	
2995	0	0	0	0	3	7	0	7	3	3	
2996	0	0	0	0	3	7	0	7	3	3	
2997	0	0	0	0	3	7	0	7	3	3	
2998	0	0	0	0	3	7	0	7	3	3	
2999	0	0	0	0	3	7	0	7	3	3	
3000	0	0	0	0	3	7	0	7	3	3	
3001	0	0	0	0	3	7	0	7	3	3	
3002	0	0	0	0	3	7	0	7	3	3	
3003	0	0	0	0	3	7	0	7	3	3	
3004	0	0	0	0	3	7	0	7	3	3	
3005	0	0	0	0	3	7	0	7	3	3	
3006	0	0	0	0	3	7	0	7	3	3	
3007	0	0	0	0	3	7	0	7	3	3	
3008	0	0	0	0	3	7	0	7	3	3	
3009	0	0	0	0	3	7	0	7	3	3	
3010	0	0	0	0	3	7	0	7	3	3	
3011	0	0	0	0	3	7	0	7	3	3	
3012	0	0	0	0	3	7	0	7	3	3	
3013	0	0	0	0	3	7	0	7	3	3	
3014	0	0	0	0	3	7	0	7	3	3	
3015	0	0	0	0	3	7	0	7	3	3	
3016	0	0	0	0	3	7	0	7	3	3	
3017	0	0	0	0	3	7	0	7	3	3	
3018	0	0	0	0	3	7	0	7	3	3	
3019	0	0	0	0	3	7	0	7	3	3	
3020	0	0	0	0	3	7	0	7	3	3	
3021	0	0	0	0	3	7	0	7	3	3	
3022	0	0	0	0	3	7	0	7	3	3	
3023	0	0	0	0	3	7	0	7	3	3	
3024	0	0	0	0	3	7	0	7	3	3	
3025	0	0	0	0	3	7	0	7	3	3	
3026	0	0	0	0	3	7	0	7	3	3	
3027	0	0	0	0	3	7	0	7	3	3	
3028	0	0	0	0	3	7	0	7	3	3	
3029	0	0	0	0	3	7	0	7	3	3	
3030	0	0	0	0	3	7	0	7	3	3	
3031	0	0	0	0	3	7	0	7	3	3	
3032	0	0	0	0	3	7	0	7	3	3	
3033	0	0	0	0	3	7	0	7	3	3	
3034	0	0	0	0	3	7	0	7	3	3	
3035	0	0	0	0	3	7	0	7	3	3	
3036	0	0	0	0	3	7	0	7	3	3	
3037	0	0	0	0	3	7	0	7	3	3	
3038	0	0	0	0	3	7	0	7	3	3	
3039	0	0	0	0	3	7	0	7	3	3	
3040	0	0	0	0	3	7	0	7	3	3	
3041	0	0	0	0	3	7	0	7	3	3	
3042	0	0	0	0	3	7	0	7	3	3	
3043	0	0	0	0	3	7	0	7	3	3	
3044	0	0	0	0	3	7	0	7	3	3	
3045	0	0	0	0	3	7	0	7	3	3	
3046	0	0	0	0	3	7	0	7	3	3	
3047	0	0	0	0	3	7	0	7	3	3	
3048	0	0	0	0	3	7	0	7	3	3	
3049	0	0	0	0	3	7	0	7	3	3	
3050	0	0	0	0	3	7	0	7	3	3	
3051	0	0	0	0	3	7	0	7	3	3	
3052	0	0	0	0	3	7	0	7	3	3	
3053	0	0	0	0	3	7	0	7	3	3	
3054	0	0	0	0	3	7	0	7	3	3	
3055	0	0	0	0	3	7	0	7	3	3	
3056	0	0	0	0	3	7	0	7	3	3	
3057	0	0	0	0	3	7	0	7	3	3	
3058	0	0	0	0	3	7	0	7	3	3	
3059	0	0	0	0	3	7	0	7	3	3	
3060	0	0	0	0	3	7	0	7	3	3	
3061	0	0	0	0	3	7	0	7	3	3	
3062	0	0	0	0	3	7	0	7	3	3	
3063	0	0	0	0	3	7	0	7	3	3	
3064	0	0	0	0	3	7	0	7	3	3	
3065	0	0	0	0	3	7	0	7	3	3	
3066	0	0	0	0	3	7	0	7	3	3	
3067	0	0	0	0	3	7	0	7	3	3	
3068	0	0	0	0	3	7	0	7	3	3	
3069	0	0	0	0	3	7	0	7	3	3	
3070	0	0	0	0	3	7	0	7	3	3	
3071	0	0	0	0	3	7	0	7	3	3	
3072	0	0	0	0	3	7	0	7	3	3	
3073	0	0	0	0	3	7	0	7	3	3	
3074	0	0	0	0	3	7	0	7	3	3	
3075	0	0	0	0	3	7	0	7	3	3	
3076	0	0	0	0	3	7	0	7	3	3	
3077	0	0	0	0	3	7	0	7	3	3	
3078	0	0	0	0	3	7	0	7	3	3	
3079	0	0	0	0	3	7	0	7	3	3	
3080	0	0	0	0	3	7	0	7	3	3	
3081	0	0	0	0	3	7	0	7	3	3	
3082	0	0	0	0	3	7	0	7	3	3	
3083	0	0	0	0	3	7	0	7	3	3	
3084	0	0	0	0	3	7	0	7	3	3	
3085	0	0	0	0	3	7	0	7	3	3	
3086	0	0	0	0	3	7	0	7	3	3	
3087	0	0	0	0	3	7	0	7	3	3	
3088	0	0	0	0	3	7	0	7	3	3	
3089	0	0	0	0	3	7	0	7	3	3	
3090	0	0	0	0	3	7	0	7	3	3	
3091	0	0	0	0	3	7	0	7	3	3	
3092	0	0	0	0	3	7	0	7	3	3	
3093	0	0	0	0	3	7	0	7	3	3	
3094	0	0	0	0	3	7	0	7	3	3	
3095	0	0	0	0	3	7	0	7	3	3	
3096	0	0	0	0	3	7	0	7	3	3	
3097	0	0	0	0	3	7	0	7	3	3	
3098	0	0	0	0	3	7	0	7	3	3	
3099	0	0	0	0	3	7	0	7	3	3	
3100	0	0	0	0	3	7	0	7	3	3	
3101	0	0	0	0	3	7	0	7	3	3	
3102	0	0	0	0	3	7	0	7	3	3	
3103	0	0	0	0	3	7	0	7	3	3	
3104	0	0	0	0	3	7	0	7	3	3	
3105	0	0	0	0	3	7	0	7	3	3	
3106	0	0	0	0	3	7	0	7	3	3	
3107	0	0	0	0	3	7	0	7	3	3	
3108	0	0	0	0	3	7	0	7	3	3	
3109	0	0	0	0	3	7	0	7	3	3	
3110	0	0	0	0	3	7	0	7	3	3	
3111	0	0	0	0	3	7	0	7	3	3	
3112	0	0	0	0	3	7	0	7	3	3	
3113	0	0	0	0	3	7	0	7	3	3	
3114	0	0	0	0	3	7	0	7	3	3	
3115	0	0	0	0	3	7	0	7	3	3	
3116	0	0	0	0	3	7	0	7	3	3	
3117	0	0	0	0	3	7	0	7	3	3	
3118	0	0	0	0	3	7	0	7	3	3	
3119	0	0	0	0	3	7	0	7	3	3	
3120	0	0	0	0	3	7	0	7	3	3	
3121	0	0	0	0	3	7	0	7	3	3	
3122	0	0	0	0	3	7	0	7	3	3	
3123	0	0	0	0	3	7	0	7	3	3	
3124	0	0	0	0	3	7	0	7	3	3	
3125	0	0	0	0	3	7	0	7	3	3	
3126	0	0	0	0	3	7	0	7	3	3	
3127	0	0	0	0	3	7	0	7	3	3	
3128	0	0	0	0	3	7	0	7	3	3	
3129	0	0	0	0	3	7	0	7	3	3	
3130	0	0	0	0	3	7	0	7	3	3	
3131	0	0	0	0	3	7	0	7	3	3	
3132	0	0	0	0	3	7	0	7	3	3	
3133	0	0	0	0	3	7	0	7	3	3	
3134	0	0	0	0	3	7	0	7	3	3	
3135	0	0	0	0	3	7	0	7	3	3	
3136	0	0	0	0	3	7	0	7	3	3	
3137	0	0	0	0	3	7	0	7	3	3	
3138	0	0	0	0	3	7	0	7	3	3	
3139	0	0	0	0	3	7	0	7	3	3	
3140	0	0	0	0	3	7	0	7	3	3	
3141	0	0	0	0	3	7	0	7	3	3	
3142	0	0	0	0	3	7	0	7	3	3	
3143	0	0	0	0	3	7	0	7	3	3	
3144	0	0	0	0	3	7	0	7	3	3	
3145	0	0	0	0	3	7	0	7	3	3	
3146	0	0	0	0	3	7	0	7	3	3	
3147	0	0	0	0	3	7	0	7	3	3	
3148	0	0	0	0	3	7	0	7	3	3	
3149	0	0	0	0	3	7	0	7	3	3	
3150	0	0	0	0	3	7	0	7	3	3	
3151	0	0	0	0	3	7	0	7	3	3	
3152	0	0	0	0	3	7	0	7	3	3	
3153	0	0	0	0	3	7	0	7	3	3	
3154	0	0	0	0	3	7	0	7	3	3	
3155	0	0	0	0	3	7	0	7	3	3	
3156	0	0	0	0	3	7	0	7	3	3	
3157	0	0	0	0	3	7	0	7	3	3	
3158	0	0	0	0	3	7	0	7	3	3	
3159	0	0	0	0	3	7	0	7	3	3	
3160	0	0	0	0	3	7	0	7	3	3	
3161	0	0	0	0	3	7	0	7	3	3	
3162	0	0	0	0	3	7	0	7	3	3	
3163	0	0	0	0	3	7	0	7	3	3	
3164	0	0	0	0	3	7	0	7	3	3	
3165	0	0	0	0	3	7	0	7	3	3	
3166	0	0	0	0	3	7	0	7	3	3	
3167	0	0	0	0	3	7	0	7	3	3	
3168	0	0	0	0	3	7	0	7	3	3	
3169	0	0	0	0	3	7	0	7	3	3	
3170	0	0	0	0	3	7	0	7	3	3	
3171	0	0	0	0	3	7	0	7	3	3	
3172	0	0	0	0	3	7	0	7	3	3	
3173	0	0	0	0	3	7	0	7	3	3	
3174	0	0	0	0	3	7	0	7	3	3	
3175	0	0	0	0	3	7	0	7	3	3	
3176	0	0	0	0	3	7	0	7	3	3	
3177	0	0	0	0	3	7	0	7	3	3	
3178	0	0	0	0	3	7	0	7	3	3	
3179	4	0	0	0	7	7	0	7	3	0	
3180	4	0	0	0	7	7	0	7	3	0	
3181	4	0	0	0	7	7	0	7	3	0	
3182	4	0	0	0	7	7	0	7	3	0	
3183	4	0	0	0	7	7	0	7	3	0	
3184	4	0	0	0	7	7	0	7	3	0	
3185	4	0	0	0	7	7	0	7	3	0	
3186	4	0	0	0	7	7	0	7	3	0	
3187	4	0	0	0	7	7	0	7	3	0	
3188	4	0	0	0	7	7	0	7	3	0	
3189	4	0	0	0	7	7	0	7	3	0	
3190	4	0	0	0	7	7	0	7	3	0	
3191	7	0	0	0	7	0	4	7	3	0	
3192	7	0	0	0	7	0	4	7	3	0	
3193	7	0	0	0	7	0	4	7	3	0	
3194	7	0	0	0	7	0	4	7	3	0	
3195	7	0	0	0	7	0	4	7	3	0	
3196	7	0	0	0	7	0	4	7	3	0	
3197	0	0	0	0	7	0	4	7	3	7	
3198	0	0	0	0	7	0	4	7	3	7	
3199	0	0	0	0	7	0	4	7	3	7	
3200	0	0	0	0	7	0	4	7	3	7	
3201	0	0	0	0	7	0	4	7	3	7	
3202	0	0	0	0	7	0	4	7	3	7	
3203	0	0	0	0	7	0	4	7	3	7	
3204	0	0	0	0	7	0	4	7	3	7	
3205	0	0	0	0	7	0	4	7	3	7	
3206	0	0	0	0	7	0	4	7	3	7	
3207	0	0	0	0	7	0	4	7	3	7	
3208	0	0	0	0	7	0	4	7	3	7	
3209	0	0	0	0	7	0	4	7	3	7	
3210	0	0	0	0	7	0	4	7	3	7	
3211	0	0	0	0	7	0	4	7	3	7	
3212	0	0	0	0	7	0	4	7	3	7	
3213	0	0	0	0	7	0	4	7	3	7	
3214	0	0	0	0	7	0	4	7	3	7	
3215	0	0	0	0	7	0	4	7	3	7	
3216	0	0	0	0	7	0	4	7	3	7	
3217	0	0	0	0	7	0	4	7	3	7	
3218	0	0	0	0	7	0	4	7	3	7	
3219	0	0	0	0	7	0	4	7	3	7	
3220	0	0	0	0	7	0	4	7	3	7	
3221	0	0	0	0	7	0	4	7	3	7	
3222	6	0	0	0	7	0	0	7	3	7	
3223	6	0	0	0	7	0	0	7	3	7	
3224	6	0	0	0	7	0	0	7	3	7	
3225	6	0	0	0	7	0	0	7	3	7	
3226	6	0	0	0	7	0	0	7	3	7	
3227	6	0	0	0	7	0	0	7	3	7	
3228	6	0	0	0	7	0	0	7	3	7	
3229	6	0	0	0	7	0	0	7	3	7	
3230	6	0	0	0	7	0	0	7	3	7	
3231	6	0	0	0	7	0	0	7	3	7	
3232	6	0	0	0	7	0	0	7	3	7	
3233	6	0	0	0	7	0	0	7	3	7	
3234	6	0	0	0	7	0	0	7	3	7	
3235	6	0	0	0	7	0	0	7	3	7	
3236	6	0	0	0	7	0	0	7	3	7	
3237	0	0	0	6	7	0	0	7	3	7	
3238	0	0	0	6	7	0	0	7	3	7	
3239	0	0	0	6	7	0	0	7	3	7	
3240	0	0	0	6	7	0	0	7	3	7	
3241	0	0	0	6	7	0	0	7	3	7	
3242	0	0	0	6	7	0	0	7	3	7	
3243	0	0	0	6	7	0	0	7	3	7	
3244	0	0	0	6	7	0	0	7	3	7	
3245	0	0	0	6	7	0	0	7	3	7	
3246	0	0	0	6	7	0	0	7	3	7	
3247	0	0	0	6	7	0	0	7	3	7	
3248	0	0	0	6	7	0	0	7	3	7	
3249	0	0	0	6	7	0	0	7	3	7	
3250	0	0	0	6	7	0	0	7	3	7	
3251	0	0	0	6	7	0	0	7	3	7	
3252	0	0	0	6	7	0	0	7	3	7	
3253	0	0	0	6	7	0	0	7	3	7	
3254	0	0	0	6	7	0	0	7	3	7	
3255	0	0	0	6	7	0	0	7	3	7	
3256	0	0	0	6	7	0	0	7	3	7	
3257	0	0	0	6	7	0	0	7	3	7	
3258	0	0	0	6	7	0	0	7	3	7	
3259	0	0	0	6	7	0	0	7	3	7	
3260	0	0	0	6	7	0	0	7	3	7	
3261	0	0	0	6	7	0	0	7	3	7	
3262	0	0	0	6	7	0	0	7	3	7	
3263	0	0	0	6	7	0	0	7	3	7	
3264	0	0	0	6	7	0	0	7	3	7	
3265	0	0	0	6	7	0	0	7	3	7	
3266	0	0	0	6	7	0	0	7	3	7	
3267	0	0	0	6	7	0	0	7	3	7	
3268	0	0	0	6	7	0	0	7	3	7	
3269	0	0	0	6	7	0	0	7	3	7	
3270	0	0	0	6	7	0	0	7	3	7	
3271	0	0	0	6	7	0	0	7	3	7	
3272	0	0	0	6	7	0	0	7	3	7	
3273	0	0	0	6	7	0	0	7	3	7	
3274	0	0	0	6	7	0	0	7	3	7	
3275	0	0	0	6	7	0	0	7	3	7	
3276	0	0	0	6	7	0	0	7	3	7	
3277	0	0	0	6	7	0	0	7	3	7	
3278	0	0	0	6	7	0	0	7	3	7	
3279	0	0	0	6	7	0	0	7	3	7	
3280	0	0	0	6	7	0	0	7	3	7	
3281	0	0	0	6	7	0	0	7	3	7	
3282	0	0	0	6	7	0	0	7	3	7	
3283	0	0	0	6	7	0	0	7	3	7	
3284	0	0	0	6	7	0	0	7	3	7	
3285	0	0	0	6	7	0	0	7	3	7	
3286	0	0	0	6	7	0	0	7	3	7	
3287	0	0	0	6	7	0	0	7	3	7	
3288	0	0	0	6	7	0	0	7	3	7	
3289	0	0	0	6	7	0	0	7	3	7	
3290	0	0	0	6	7	0	0	7	3	7	
3291	0	0	0	6	7	0	0	7	3	7	
3292	0	0	0	6	7	0	0	7	3	7	
3293	0	0	0	6	7	0	0	7	3	7	
3294	0	0	0	6	7	0	0	7	3	7	
3295	0	0	0	6	7	0	0	7	3	7	
3296	0	0	0	6	7	0	0	7	3	7	
3297	0	0	0	6	7	0	0	7	3	7	
3298	0	0	0	6	7	0	0	7	3	7	
3299	0	0	0	6	7	0	0	7	3	7	
3300	0	0	0	6	7	0	0	7	3	7	
3301	0	0	0	6	7	0	0	7	3	7	
3302	0	0	0	6	7	0	0	7	3	7	
3303	0	0	0	6	7	0	0	7	3	7	
3304	0	0	0	6	7	0	0	7	3	7	
3305	0	0	0	6	7	0	0	7	3	7	
3306	0	0	0	6	7	0	0	7	3	7	
3307	0	0	0	6	7	0	0	7	3	7	
3308	0	0	0	6	7	0	0	7	3	7	
3309	0	0	0	6	7	0	0	7	3	7	
3310	0	0	0	6	7	0	0	7	3	7	
3311	0	0	0	6	7	0	0	7	3	7	
3312	0	0	0	6	7	0	0	7	3	7	
3313	0	0	0	6	7	0	0	7	3	7	
3314	0	0	0	6	7	0	0	7	3	7	
3315	0	0	0	6	7	0	0	7	3	7	
3316	0	0	0	6	7	0	0	7	3	7	
3317	0	0	0	6	7	0	0	7	3	7	
3318	0	0	0	6	7	0	0	7	3	7	
3319	0	0	0	6	7	0	0	7	3	7	
3320	0	0	0	6	7	0	0	7	3	7	
3321	0	0	0	6	7	0	0	7	3	7	
3322	0	0	0	6	7	0	0	7	3	7	
3323	0	0	0	6	7	0	0	7	3	7	
3324	0	0	0	6	7	0	0	7	3	7	
3325	0	0	0	6	7	0	0	7	3	7	
3326	0	0	0	6	7	0	0	7	3	7	
3327	7	0	0	0	7	0	0	7	3	7	
3328	7	0	0	0	7	0	0	7	3	7	
3329	7	0	0	0	7	0	0	7	3	7	
3330	7	0	0	0	7	0	0	7	3	7	
3331	7	0	0	0	7	0	0	7	3	7	
3332	7	0	0	0	7	0	0	7	3	7	
3333	7	0	0	0	7	0	0	7	3	7	
3334	7	0	0	0	7	0	0	7	3	7	
3335	7	0	0	0	7	0	0	7	3	7	
3336	7	0	0	0	7	0	0	7	3	7	
3337	7	0	0	0	7	0	0	7	3	7	
3338	7	0	0	0	7	0	0	7	3	7	
3339	0	0	0	0	7	7	0	7	3	7	
3340	0	0	0	0	7	7	0	7	3	7	
3341	0	0	0	0	7	7	0	7	3	7	
3342	0	0	0	0	7	7	0	7	3	7	
3343	0	0	0	0	7	7	0	7	3	7	
3344	0	0	0	0	7	7	0	7	3	7	
3345	0	0	0	0	7	7	0	7	3	7	
3346	0	0	0	0	7	7	0	7	3	7	
3347	0	0	0	0	7	7	0	7	3	7	
3348	0	0	0	0	7	7	0	7	3	7	
3349	0	0	0	0	7	7	0	7	3	7	
3350	0	0	0	0	7	7	0	7	3	7	
3351	0	0	0	0	7	7	0	7	3	7	
3352	0	0	0	0	7	7	0	7	3	7	
3353	0	0	0	0	7	7	0	7	3	7	
3354	0	0	0	0	7	7	0	7	3	7	
3355	0	0	0	0	7	7	0	7	3	7	
3356	0	0	0	0	7	7	0	7	3	7	
3357	0	0	0	0	7	7	0	7	3	7	
3358	0	0	0	0	7	7	0	7	3	7	
3359	0	0	0	0	7	7	0	7	3	7	
3360	0	0	0	0	7	7	0	7	3	7	
3361	0	0	0	0	7	7	0	7	3	7	
3362	0	0	0	0	7	7	0	7	3	7	
3363	0	0	0	0	7	7	0	7	3	7	
3364	0	0	0	0	7	7	0	7	3	7	
3365	0	0	0	0	7	7	0	7	3	7	
3366	0	0	0	0	7	7	0	7	3	7	
3367	0	0	0	0	7	7	0	7	3	7	
3368	0	0	0	0	7	7	0	7	3	7	
3369	0	0	0	0	7	7	0	7	3	7	
3370	0	0	0	0	7	7	0	7	3	7	
3371	0	0	0	0	7	7	0	7	3	7	
3372	0	0	0	0	7	7	0	7	3	7	
3373	0	0	0	0	7	7	0	7	3	7	
3374	0	0	0	0	7	7	0	7	3	7	
3375	0	0	0	0	7	7	0	7	3	7	
3376	0	0	0	0	7	7	0	7	3	7	
3377	0	0	0	0	7	7	0	7	3	7	
3378	0	0	0	0	7	7	0	7	3	7	
3379	0	0	0	0	7	7	0	7	3	7	
3380	0	0	0	0	7	7	0	7	3	7	
3381	0	0	0	0	7	7	0	7	3	7	
3382	0	0	0	0	7	7	0	7	3	7	
3383	0	0	0	0	7	7	0	7	3	7	
3384	0	0	0	0	7	7	0	7	3	7	
3385	0	0	0	0	7	7	0	7	3	7	
3386	0	0	0	0	7	7	0	7	3	7	
3387	0	0	0	0	7	7	0	7	3	7	
3388	0	0	0	0	7	7	0	7	3	7	
3389	0	0	0	0	7	7	0	7	3	7	
3390	0	0	0	0	7	7	0	7	3	7	
3391	0	0	0	0	7	7	0	7	3	7	
3392	0	0	0	0	7	7	0	7	3	7	
3393	0	0	0	0	7	7	0	7	3	7	
3394	0	0	0	0	7	7	0	7	3	7	
3395	0	0	0	0	7	7	0	7	3	7	
3396	0	0	0	0	7	7	0	7	3	7	
3397	0	0	0	0	7	7	0	7	3	7	
3398	0	0	0	0	7	7	0	7	3	7	
3399	0	0	0	0	7	7	0	7	3	7	
3400	0	0	0	0	7	7	0	7	3	7	
3401	0	0	0	0	7	7	0	7	3	7	
3402	0	0	0	0	7	7	0	7	3	7	
3403	0	0	0	0	7	7	0	7	3	7	
3404	0	0	0	0	7	7	0	7	3	7	
3405	0	0	0	0	7	7	0	7	3	7	
3406	0	0	0	0	7	7	0	7	3	7	
3407	0	0	0	0	7	7	0	7	3	7	
3408	0	0	0	0	7	7	0	7	3	7	
3409	0	0	0	0	7	7	0	7	3	7	
3410	0	0	0	0	7	7	0	7	3	7	
3411	0	0	0	0	7	7	0	7	3	7	
3412	0	0	0	0	7	7	0	7	3	7	
3413	0	0	0	0	7	7	0	7	3	7	
3414	0	0	0	0	7	7	0	7	3	7	
3415	0	0	0	0	7	7	0	7	3	7	
3416	0	0	0	0	7	7	0	7	3	7	
3417	0	0	0	0	7	7	0	7	3	7	
3418	0	0	0	0	7	7	0	7	3	7	
3419	0	0	0	0	7	7	0	7	3	7	
3420	0	0	0	0	7	7	0	7	3	7	
3421	0	0	0	0	7	7	0	7	3	7	
3422	0	0	0	0	7	7	0	7	3	7	
3423	0	0	0	0	7	7	0	7	3	7	
3424	0	0	0	0	7	7	0	7	3	7	
3425	0	0	0	0	7	7	0	7	3	7	
3426	0	0	0	0	7	7	0	7	3	7	
3427	0	0	0	0	7	7	0	7	3	7	
3428	0	0	0	0	7	7	0	7	3	7	
3429	0	0	0	0	7	7	0	7	3	7	
3430	0	0	0	0	7	7	0	7	3	7	
3431	0	0	0	0	7	7	0	7	3	7	
3432	0	0	0	0	7	7	0	7	3	7	
3433	0	0	0	0	7	7	0	7	3	7	
3434	0	0	0	0	7	7	0	7	3	7	
3435	0	0	0	0	7	7	0	7	3	7	
3436	0	0	0	0	7	7	0	7	3	7	
3437	0	0	0	0	7	7	0	7	3	7	
3438	0	0	0	0	7	7	0	7	3	7	
3439	0	0	0	0	7	7	0	7	3	7	
3440	0	0	0	0	7	7	0	7	3	7	
3441	0	0	0	0	7	7	0	7	3	7	
3442	0	0	0	0	7	7	0	7	3	7	
3443	0	0	0	0	7	7	0	7	3	7	
3444	0	0	0	0	7	7	0	7	3	7	
3445	0	0	0	0	7	7	0	7	3	7	
3446	0	0	0	0	7	7	0	7	3	7	
3447	0	0	0	0	7	7	0	7	3	7	
3448	0	0	0	0	7	7	0	7	3	7	
3449	0	0	0	0	7	7	0	7	3	7	
3450	0	0	0	0	7	7	0	7	3	7	
3451	0	0	0	0	7	7	0	7	3	7	
3452	0	0	0	0	7	7	0	7	3	7	
3453	0	0	0	0	7	7	0	7	3	7	
3454	0	0	0	0	7	7	0	7	3	7	
3455	0	0	0	0	7	7	0	7	3	7	
3456	0	0	0	0	7	7	0	7	3	7	
3457	0	0	0	0	7	7	0	7	3	7	
3458	0	0	0	0	7	7	0	7	3	7	
3459	0	0	0	0	7	7	0	7	3	7	
3460	0	0	0	0	7	7	0	7	3	7	
3461	0	0	0	0	7	7	0	7	3	7	
3462	0	0	0	0	7	7	0	7	3	7	
3463	0	0	0	0	7	7	0	7	3	7	
3464	0	0	0	0	7	7	0	7	3	7	
3465	0	0	0	0	7	7	0	7	3	7	
3466	0	0	0	0	7	7	0	7	3	7	
3467	0	0	0	0	7	7	0	7	3	7	
3468	0	0	0	0	7	7	0	7	3	7	
3469	0	0	0	0	7	7	0	7	3	7	
3470	0	0	0	0	7	7	0	7	3	7	
3471	0	0	0	0	7	7	0	7	3	7	
3472	0	0	0	0	7	7	0	7	3	7	
3473	0	0	0	0	7	7	0	7	3	7	
3474	0	0	0	0	7	7	0	7	3	7	
3475	0	0	0	0	7	7	0	7	3	7	
3476	0	0	0	0	7	7	0	7	3	7	
3477	0	0	0	0	7	7	0	7	3	7	
3478	0	0	0	0	7	7	0	7	3	7	
3479	0	0	0	0	7	7	0	7	3	7	
3480	0	0	0	0	7	7	0	7	3	7	
3481	0	0	0	0	7	7	0	7	3	7	
3482	0	0	0	0	7	7	0	7	3	7	
3483	0	0	0	0	7	7	0	7	3	7	
3484	0	0	0	0	7	7	0	7	3	7	
3485	0	0	0	0	7	7	0	7	3	7	
3486	0	0	0	0	7	7	0	7	3	7	
3487	0	0	0	0	7	7	0	7	3	7	
3488	0	0	0	0	7	7	0	7	3	7	
3489	0	0	0	0	7	7	0	7	3	7	
3490	0	0	0	0	7	7	0	7	3	7	
3491	0	0	0	0	7	7	0	7	3	7	
3492	0	0	0	0	7	7	0	7	3	7	
3493	0	0	0	0	7	7	0	7	3	7	
3494	0	0	0	0	7	7	0	7	3	7	
3495	0	0	0	0	7	7	0	7	3	7	
3496	0	0	0	0	7	7	0	7	3	7	
3497	0	0	0	0	7	7	0	7	3	7	
3498	0	0	0	0	7	7	0	7	3	7	
3499	0	0	0	0	7	7	0	7	3	7	
3500	0	0	0	0	7	7	0	7	3	7	
3501	0	0	0	0	7	7	0	7	3	7	
3502	0	0	0	0	7	7	0	7	3	7	
3503	0	0	0	0	7	7	0	7	3	7	
3504	0	0	0	0	7	7	0	7	3	7	
3505	0	0	0	0	7	7	0	7	3	7	
3506	0	0	0	0	7	7	0	7	3	7	
3507	0	0	0	0	7	7	0	7	3	7	
3508	0	0	0	0	7	7	0	7	3	7	
3509	0	0	0	0	7	7	0	7	3	7	
3510	0	0	0	0	7	7	0	7	3	7	
3511	0	0	0	0	7	7	0	7	3	7	
3512	0	0	0	0	7	7	0	7	3	7	
3513	0	0	0	0	7	7	0	7	3	7	
3514	0	0	0	0	7	7	0	7	3	7	
3515	0	0	0	0	7	7	0	7	3	7	
3516	0	0	0	0	7	7	0	7	3	7	
3517	0	0	0	0	7	7	0	7	3	7	
3518	0	0	0	0	7	7	0	7	3	7	
3519	0	0	0	0	7	7	0	7	3	7	
3520	0	0	0	0	7	7	0	7	3	7	
3521	0	0	0	0	7	7	0	7	3	7	
3522	0	0	0	0	7	7	0	7	3	7	
3523	0	0	0	0	7	7	0	7	3	7	
3524	0	0	0	0	7	7	0	7	3	7	
3525	0	0	0	0	7	7	0	7	3	7	
3526	0	0	0	0	7	7	0	7	3	7	
3527	0	0	0	0	7	7	0	7	3	7	
3528	0	0	0	0	7	7	0	7	3	7	
3529	0	0	0	0	7	7	0	7	3	7	
3530	0	0	0	0	7	7	0	7	3	7	
3531	0	0	0	0	7	7	0	7	3	7	
3532	0	0	0	0	7	7	0	7	3	7	
3533	0	0	0	0	7	7	0	7	3	7	
3534	0	0	0	0	7	7	0	7	3	7	
3535	0	0	0	0	7	7	0	7	3	7	
3536	0	0	0	0	7	7	0	7	3	7	
3537	0	0	0	0	7	7	0	7	3	7	
3538	0	0	0	0	7	7	0	7	3	7	
3539	0	0	0	0	7	7	0	7	3	7	
3540	0	0	0	0	7	7	0	7	3	7	
3541	0	0	0	0	7	7	0	7	3	7	
3542	0	0	0	0	7	7	0	7	3	7	
3543	0	0	0	0	7	7	0	7	3	7	
3544	0	0	0	0	7	7	0	7	3	7	
3545	8	0	0	0	3	7	0	0	3	7	
3546	8	0	0	0	3	7	0	0	3	7	
3547	8	0	0	0	3	7	0	0	3	7	
3548	8	0	0	0	3	7	0	0	3	7	
3549	8	0	0	0	3	7	0	0	3	7	
3550	8	0	0	0	3	7	0	0	3	7	
3551	8	0	0	0	3	7	0	0	3	7	
3552	8	0	0	0	3	7	0	0	3	7	
3553	8	0	0	0	3	7	0	0	3	7	
3554	8	0	0	0	3	7	0	0	3	7	
3555	8	0	0	0	3	7	0	0	3	7	
3556	8	0	0	0	3	7	0	0	3	7	
3557	8	0	0	0	3	7	0	0	3	7	
3558	8	0	0	0	3	7	0	0	3	7	
3559	8	0	0	0	3	7	0	0	3	7	
3560	8	0	0	0	3	7	0	0	3	7	
3561	8	0	0	0	3	7	0	0	3	7	
3562	8	0	0	0	3	7	0	0	3	7	
3563	8	0	0	0	3	7	0	0	3	7	
3564	8	0	0	0	3	7	0	0	3	7	
3565	8	0	0	0	3	7	0	0	3	7	
3566	8	0	0	0	3	7	0	0	3	7	
3567	8	0	0	0	3	7	0	0	3	7	
3568	8	0	0	0	3	7	0	0	3	7	
3569	8	0	0	0	3	7	0	0	3	7	
3570	8	0	0	0	3	7	0	0	3	7	
3571	8	0	0	0	3	7	0	0	3	7	
3572	8	0	0	0	3	7	0	0	3	7	
3573	8	0	0	0	3	7	0	0	3	7	
3574	8	0	0	0	3	7	0	0	3	7	
3575	1	0	0	0	3	7	0	0	3	7	
3576	1	0	0	0	3	7	0	0	3	7	
3577	1	0	0	0	3	7	0	0	3	7	
3578	1	0	0	0	3	7	0	0	3	7	
3579	1	0	0	0	3	7	0	0	3	7	
3580	1	0	0	0	3	7	0	0	3	7	
3581	1	0	0	0	3	7	0	0	3	7	
3582	1	0	0	0	3	7	0	0	3	7	
3583	1	0	0	0	3	7	0	0	3	7	
3584	1	0	0	0	3	7	0	0	3	7	
3585	1	0	0	0	3	7	0	0	3	7	
3586	1	0	0	0	3	7	0	0	3	7	
3587	1	0	0	0	3	7	0	0	3	7	
3588	1	0	0	0	3	7	0	0	3	7	
3589	1	0	0	0	3	7	0	0	3	7	
3590	1	0	0	0	3	7	0	0	3	7	
3591	1	0	0	0	3	7	0	0	3	7	
3592	1	0	0	0	3	7	0	0	3	7	
3593	1	0	0	0	3	7	0	0	3	7	
3594	1	0	0	0	3	7	0	0	3	7	
3595	1	0	0	0	3	7	0	0	3	7	
3596	1	0	0	0	3	7	0	0	3	7	
3597	1	0	0	0	3	7	0	0	3	7	
3598	1	0	0	0	3	7	0	0	3	7	
3599	1	0	0	0	3	7	0	0	3	7	
